1008 -113 82 938 1023 1014 999 1002
1012 -105 82 938 1023 1020 996 1005
1019 -113 90 938 1023 1014 1001 999
1015 -109 86 945 1023 1021 995 1004
1012 -117 82 939 1023 1014 1005 1002
1015 -121 86 938 1023 1014 1004 998
1008 -105 78 940 1023 1014 1004 1000
1019 -113 86 938 1023 1016 1004 1000
1019 -117 98 944 1023 1020 998 1001
1008 -109 98 944 1023 1021 998 1005
1023 -117 98 936 1023 1017 995 1003
1015 -125 86 943 1023 1017 998 1001
1012 -125 86 934 1023 1010 999 1000
1015 -113 86 944 1023 1020 994 1004
1012 -117 98 941 1023 1017 995 1003
1015 -113 98 938 1023 1010 999 997
1019 -121 98 938 1023 1010 1005 998
1015 -117 94 937 1023 1011 1001 998
1019 -113 94 941 1023 1021 995 998
1015 -117 90 939 1023 1015 995 1004
1031 -117 117 938 1023 1011 1001 998
1019 -129 113 937 1023 1010 1001 998
1019 -121 94 936 1023 1012 1001 995
1012 -125 78 936 1023 1010 1001 998
1015 -98 90 944 1023 1017 994 1001
1012 -101 98 941 1023 1015 998 1003
1008 -101 113 938 1023 1011 1003 998
1012 -109 101 941 1023 1015 995 999
1015 -125 90 944 1023 1017 994 1001
1019 -113 86 936 1023 1017 994 1001
1019 -113 90 944 1023 1017 994 1001
1019 -105 86 941 1023 1017 994 1001
1019 -113 82 935 1023 1015 995 1001
1019 -105 70 938 1023 1010 997 997
1015 -113 74 936 1023 1010 997 997
1012 -117 82 936 1023 1010 999 996
1027 -113 82 936 1023 1010 996 1001
1015 -109 90 943 1023 1020 994 1004
1012 -117 98 941 1023 1015 994 1003
1023 -125 82 936 1023 1011 1001 998
1008 -121 94 938 1023 1010 997 999
1023 -105 86 937 1023 1017 994 1005
1012 -117 101 938 1023 1010 1003 998
1019 -129 86 939 1023 1013 998 998
1023 -117 74 939 1023 1013 999 1001
1023 -117 94 936 1023 1010 1001 998
1015 -117 86 936 1023 1010 1001 998
1019 -105 82 941 1023 1011 1004 1000
1015 -105 66 941 1023 1015 996 1001
1012 -109 70 934 1023 1008 998 1004
1023 -109 74 936 1023 1012 1000 1005
1012 -105 70 937 1023 1010 1004 1000
1023 -109 74 941 1023 1017 998 1004
1031 -125 82 941 1023 1017 994 1005
1015 -117 82 941 1023 1013 996 1003
1008 -113 78 938 1023 1010 1004 1002
1023 -113 78 938 1023 1011 1004 1000
1015 -113 74 938 1023 1010 1004 1000
1012 -113 82 936 1023 1017 998 1005
996 -125 78 937 1023 1017 996 1005
1019 -129 50 940 1023 1017 1002 1000
1023 -121 50 934 1023 1010 999 998
1031 -137 66 940 1023 1015 994 1005
1023 -152 94 934 1023 1008 999 1002
1012 -133 82 936 1023 1017 994 1005
1043 -149 62 936 1023 1012 1001 1000
1031 -145 54 932 1023 1010 1001 998
1059 -180 47 933 1023 1015 994 1005
1055 -149 31 935 1023 1010 1001 998
1051 -129 15 937 1023 1013 995 1001
1035 -125 31 934 1023 1008 999 998
1051 -235 58 937 1023 1009 998 1000
1027 -247 62 940 1023 1013 998 1000
1012 -251 66 933 1023 1009 998 1004
1008 -223 74 934 1023 1006 994 1004
1055 -219 78 940 1023 1013 994 1001
1012 -184 78 940 1023 1013 994 1001
992 -129 39 934 1023 1015 996 1004
1027 -152 31 941 1023 1013 995 1004
1012 -152 7 934 1023 1008 996 1001
1012 -145 -3 935 1023 1013 994 1005
1012 -149 -15 937 1023 1006 999 998
1035 -141 -39 932 1023 1006 997 997
1015 -137 -35 934 1023 1006 999 1000
1015 -129 -43 941 1023 1013 995 1001
1019 -121 -62 937 1023 1012 995 1001
996 -82 -78 941 1023 1013 994 1001
1004 -50 -86 932 1023 1006 1001 1000
992 -39 -82 934 1023 1006 1001 1000
1000 -54 -94 940 1023 1013 994 1005
1015 -86 -98 934 1023 1006 1001 998
1023 -94 -117 940 1023 1013 994 1001
988 -35 -109 934 1023 1007 995 1004
1000 -117 105 934 1023 1010 1004 994
1004 -125 101 940 1023 1013 994 1001
1012 -125 94 934 1023 1008 998 1004
1015 -137 113 935 1023 1002 999 998
1027 -125 98 934 1023 1006 1001 998
996 -86 70 934 1023 1003 999 998
1031 -137 94 937 1023 1010 1001 998
1019 -105 66 936 1023 1009 996 1001
1027 -109 70 934 1023 1006 1001 1000
1031 -137 94 941 1023 1013 994 1004
1012 -137 74 934 1023 1005 997 999
1004 -90 47 934 1023 1006 999 998
1004 -101 43 939 1023 1015 999 998
1039 -164 58 934 1023 1015 994 1001
1027 -164 43 932 1023 1006 1001 998
1015 -137 19 940 1023 1007 1004 994
1023 -145 23 935 1023 1006 1001 996
1031 -156 31 935 1023 1006 1001 998
1015 -133 0 941 1023 1013 995 999
1015 -117 27 940 1023 1012 998 1001
1012 -105 11 934 1023 1006 1001 995
1019 -117 11 934 1023 1008 995 1001
1027 -121 19 934 1023 1007 999 999
1023 -121 23 936 1023 1007 1001 998
1015 -125 15 933 1023 1013 994 1001
1031 -121 11 941 1023 1013 994 999
1027 -137 23 936 1023 1006 1001 994
1023 -137 23 937 1023 1006 1001 995
1019 -141 27 935 1023 1007 1001 998
1027 -141 19 936 1023 1006 1001 998
1027 -145 31 940 1023 1012 994 999
1027 -145 27 941 1023 1012 994 1001
1023 -141 23 936 1023 1003 1001 994
1031 -141 31 940 1023 1012 994 999
1012 -137 39 934 1023 1005 999 998
1015 -141 27 939 1023 1009 994 998
11.639876365661621