980 -274 188 1023 900 879 869 936
980 -290 211 1023 899 881 867 935
1000 -305 219 1023 898 878 870 930
972 -286 176 1023 898 881 867 931
1008 -317 223 1023 898 881 867 933
1004 -298 219 1023 899 883 870 933
984 -270 180 1023 900 884 867 933
964 -305 196 1023 907 878 873 928
1012 -317 215 1023 900 879 868 928
1027 -294 200 1022 905 881 870 933
992 -298 172 1023 899 883 870 931
988 -282 180 1023 901 884 868 928
1004 -290 188 1023 898 881 868 929
1004 -270 156 1023 899 879 868 928
980 -274 145 1023 899 883 867 932
980 -270 137 1022 905 876 873 926
976 -282 145 1023 899 881 870 931
988 -298 160 1023 903 880 870 924
1000 -286 149 1022 905 875 873 924
988 -305 105 1023 914 881 867 928
992 -305 94 1023 914 880 867 928
996 -309 105 1019 919 878 873 926
996 -302 94 1022 916 881 873 926
1004 -302 94 1023 917 876 873 926
1004 -309 125 1019 921 876 873 923
980 -294 90 1023 911 883 866 929
992 -298 105 1018 919 878 871 926
996 -298 172 1019 921 878 875 928
1004 -305 180 1023 910 881 868 931
980 -282 160 1018 917 878 871 927
988 -286 176 1023 912 881 868 929
992 -294 180 1023 914 879 868 931
1004 -313 176 1023 914 885 873 928
988 -282 168 1023 914 881 867 931
984 -282 164 1023 915 882 868 933
988 -282 180 1023 912 879 872 928
1004 -278 172 1023 914 881 867 931
988 -286 176 1023 914 884 867 932
992 -290 192 1018 919 875 873 928
1015 -302 192 1014 915 877 869 932
1012 -274 176 1023 912 878 876 931
992 -270 168 1018 919 876 873 928
996 -282 156 1023 910 881 870 932
984 -274 160 1021 913 878 874 928
996 -282 160 1023 912 881 867 929
1008 -254 3 1016 919 878 873 928
1012 -251 -3 1023 912 884 867 932
1000 -254 0 1016 917 878 871 927
996 -247 3 1016 917 878 873 927
992 -274 137 1021 914 884 870 933
992 -294 137 1021 914 885 868 933
1000 -309 145 1023 911 881 870 931
1000 -313 184 1020 912 884 868 933
1000 -290 180 1016 919 878 876 930
996 -278 168 1021 912 883 868 933
964 -274 160 1015 914 884 868 933
1000 -313 223 1021 914 885 871 932
980 -294 196 1023 912 885 867 933
976 -286 200 1023 914 878 871 927
980 -262 247 1021 910 881 870 930
984 -270 262 1021 910 885 867 933
992 -266 258 1020 912 880 868 927
976 -266 247 1014 917 879 873 926
976 -274 243 1016 919 879 876 928
980 -270 247 1016 914 883 870 933
984 -266 231 1021 911 881 868 932
988 -270 254 1017 913 884 867 933
976 -266 258 1016 919 879 877 928
992 -278 258 1016 919 879 876 930
988 -274 266 1023 915 880 870 935
980 -270 266 1019 910 884 868 933
976 -262 254 1016 919 878 875 928
976 -278 270 1014 917 878 871 927
972 -274 262 1021 912 879 870 930
968 -278 251 1021 912 884 868 933
980 -282 258 1016 919 878 876 928
980 -270 266 1014 919 878 873 928
980 -270 254 1016 919 878 875 928
980 -274 254 1021 912 885 867 933
976 -266 262 1014 917 878 873 927
972 -262 254 1019 914 879 871 928
972 -274 254 1014 917 878 871 928
996 -278 243 1016 917 879 873 933
984 -270 262 1021 914 885 868 933
984 -274 270 1017 916 881 872 930
984 -270 251 1021 914 885 866 933
972 -270 251 1021 912 884 868 931
980 -266 251 1014 917 878 870 932
980 -258 258 1016 912 885 868 933
988 -258 274 1014 915 880 873 928
961 -262 258 1016 919 878 875 928
972 -274 266 1014 917 877 871 929
972 -278 251 1014 917 878 871 927
984 -282 247 1021 910 881 868 931
11.26067590713501