949 -313 392 967 1000 993 972 950
913 -341 372 963 999 991 971 959
874 -345 380 962 1001 987 973 952
890 -368 415 963 999 988 971 955
859 -360 407 964 1001 987 977 954
894 -404 419 969 995 993 970 957
886 -400 423 969 995 993 971 957
874 -392 431 964 999 989 975 951
886 -384 443 966 998 993 972 956
874 -384 462 969 995 990 976 955
953 -364 219 973 994 996 971 959
961 -360 211 966 1001 987 977 954
964 -364 200 973 994 992 972 953
996 -266 211 970 999 986 976 946
996 -251 196 968 994 988 969 953
992 -258 207 968 999 986 973 946
976 -266 223 973 994 982 973 946
910 -294 431 968 997 982 971 950
910 -294 415 969 992 989 966 953
906 -321 423 968 996 982 969 950
882 -305 419 973 992 991 968 951
910 -333 462 971 995 988 968 950
913 -345 458 971 999 984 969 947
910 -341 462 973 990 987 966 949
906 -349 462 968 997 982 968 948
886 -321 439 968 991 985 967 951
890 -325 443 973 992 987 968 953
855 -305 411 973 992 985 966 949
851 -341 462 969 997 982 973 950
886 -353 486 968 997 984 973 946
878 -368 494 968 999 984 963 950
862 -349 494 971 993 985 969 950
886 -376 506 976 992 989 963 951
874 -360 506 969 991 982 972 947
968 -200 305 973 992 988 963 955
964 -211 286 968 997 979 973 950
996 -215 274 972 992 989 966 953
988 -203 258 967 992 985 963 956
992 -184 258 970 997 979 969 948
996 -188 239 976 990 985 964 951
988 -196 227 973 990 983 964 950
984 -172 223 976 992 985 963 953
988 -168 215 971 991 981 971 950
992 -156 215 973 992 988 962 953
1000 -164 231 971 992 982 971 950
1004 -156 215 976 992 985 962 953
996 -156 203 976 992 985 964 955
1004 -172 215 973 990 985 964 952
1004 -156 215 976 992 985 963 953
996 -164 215 973 992 984 971 950
1015 -156 207 970 994 985 966 953
1000 -164 215 973 990 983 964 952
1004 -160 184 970 997 978 972 950
1004 -172 188 977 992 979 972 950
1000 -160 184 968 990 985 963 953
1008 -164 211 976 992 985 963 953
1008 -160 211 973 992 989 966 956
1000 -156 203 970 996 980 969 951
1019 -156 207 973 994 985 962 953
1008 -145 192 971 995 982 972 950
1000 -156 188 973 991 983 964 952
1000 -149 188 970 997 979 967 950
949 -211 353 975 991 981 962 949
933 -235 368 973 992 976 964 946
961 -270 404 973 988 979 965 948
941 -227 353 970 997 978 967 946
945 -266 388 970 999 978 965 946
968 -278 392 973 992 985 959 951
964 -286 384 971 993 978 967 947
980 -282 254 970 995 981 961 949
992 -274 211 973 992 979 961 948
980 -278 215 971 995 972 960 949
984 -278 219 976 990 980 960 951
992 -286 215 968 997 974 964 946
984 -282 207 977 992 983 958 951
988 -270 207 971 992 981 959 951
968 -274 211 970 997 974 963 949
992 -274 223 970 997 974 963 948
992 -270 215 970 995 976 962 951
980 -278 203 971 997 975 967 946
984 -290 215 976 992 983 958 953
992 -282 215 973 991 977 960 951
984 -278 211 970 992 981 960 951
992 -282 215 970 993 976 959 951
980 -286 223 970 997 974 965 946
992 -278 192 975 990 977 960 947
988 -290 211 976 992 981 958 951
984 -282 223 970 990 981 958 951
976 -266 219 970 999 974 965 951
988 -282 219 971 992 981 958 951
984 -270 207 973 991 976 959 951
980 -282 219 977 990 980 958 949
976 -266 231 970 996 974 961 946
13.434077262878418