1023 -168 152 986 877 994 1001 979
1008 -168 141 991 874 999 998 981
1012 -168 141 987 877 992 1005 979
1012 -156 129 995 872 999 998 985
1008 -152 125 986 876 992 1000 980
1004 -168 125 991 872 997 1000 985
1015 -149 121 990 877 994 1005 984
1004 -145 125 986 875 994 998 987
1012 -137 117 990 876 992 1000 982
1008 -156 121 993 872 997 1000 989
1015 -149 113 987 880 994 1005 979
1012 -149 109 990 880 994 1005 982
1012 -152 109 990 880 994 1005 982
1015 -160 117 996 870 997 998 985
1008 -137 129 991 872 995 998 984
1023 -156 129 993 872 999 998 989
1012 -156 125 993 872 997 1000 989
1004 -129 101 988 874 997 1000 988
1015 -145 113 991 874 995 998 984
1015 -145 105 986 877 992 1005 984
1012 -133 113 989 874 999 998 985
1012 -145 145 988 880 992 1005 979
1023 -137 149 993 872 997 998 989
1004 -137 133 988 874 996 1000 987
1015 -149 160 993 874 999 998 985
1008 -145 160 996 872 997 998 984
1019 -121 141 993 872 997 996 985
1008 -141 145 987 875 993 995 985
996 -141 129 992 872 994 999 983
1019 -156 168 990 878 994 1004 980
1008 -141 160 987 880 992 1001 982
1008 -133 172 990 880 994 1004 982
1004 -133 180 996 874 997 994 985
1012 -129 152 996 874 999 994 988
996 -133 149 987 880 992 1001 980
1004 -125 180 992 874 992 1005 979
1019 -121 192 986 875 997 996 985
1004 -133 196 997 872 992 1001 979
1023 -133 180 991 872 994 1001 979
1008 -137 184 990 875 994 1004 982
1035 -121 184 986 877 994 999 980
1008 -141 192 996 872 997 994 985
1019 -117 192 990 880 992 1001 979
1015 -125 160 988 874 994 995 985
1000 -160 184 993 872 997 998 983
1012 -145 196 990 875 991 995 981
1023 -141 188 987 877 991 997 980
1008 -172 207 988 874 995 994 985
1008 -121 188 996 872 997 994 985
1027 -141 200 993 874 997 994 985
1008 -149 184 990 880 994 1001 978
1004 -141 184 986 874 997 995 985
1004 -137 196 989 875 999 996 978
1012 -156 203 990 878 992 1001 982
1012 -152 188 990 881 992 1001 978
980 -152 188 992 876 992 1001 979
1000 -133 215 990 877 991 999 980
1015 -149 239 987 877 994 999 980
992 -145 227 996 872 999 994 983
1008 -137 223 993 872 997 996 979
1004 -145 223 993 872 994 1001 979
1000 -137 223 992 873 994 1003 979
1008 -137 219 997 873 1001 995 983
1004 -152 223 992 873 994 1005 984
1004 -168 235 990 875 991 995 985
1019 -156 219 996 872 997 998 985
1008 -156 215 991 873 999 1000 987
1023 -164 203 990 877 994 1001 978
980 -168 203 986 876 992 999 980
1012 -164 211 992 877 994 1004 979
1000 -164 207 992 874 999 998 985
1008 -172 211 997 872 1001 994 985
1008 -168 207 996 872 999 998 983
1004 -172 180 996 872 997 998 985
1015 -168 184 996 872 997 999 985
988 -160 180 996 873 1001 996 978
992 -160 188 992 875 995 1001 982
1012 -172 188 993 874 1001 998 985
1004 -192 172 993 873 994 1004 979
1004 -156 141 990 875 992 998 981
1012 -203 62 990 877 992 1005 982
1012 -192 50 992 874 994 1005 980
1008 -196 35 993 872 994 1001 983
1012 -203 39 996 874 999 994 983
1012 -184 39 997 874 997 995 983
1019 -180 47 997 872 999 998 983
1023 -188 62 997 874 999 994 985
1008 -160 47 990 876 991 999 980
1000 -156 47 993 872 994 997 980
1015 -164 62 997 872 997 998 983
1008 -160 74 990 875 996 996 983
1012 -164 70 992 880 992 1004 978
1008 -160 66 996 874 999 994 983
1012 -176 70 990 879 990 1001 978
1015 -160 58 992 874 992 1003 978
1000 -152 192 992 880 990 1001 978
1000 -141 188 991 880 992 1005 978
1015 -141 196 992 872 994 1001 978
1023 -168 211 987 874 996 995 985
1004 -160 192 990 877 992 1005 982
996 -152 168 987 875 991 997 982
1019 -176 200 993 874 997 995 983
1015 -200 211 992 875 992 1004 978
1000 -156 180 992 872 992 1001 978
1012 -152 172 992 873 995 998 977
1015 -196 196 991 875 993 996 985
996 -156 164 987 877 991 999 978
1043 -223 74 990 877 992 1001 978
992 -231 54 990 877 990 999 978
1008 -141 105 990 876 990 997 977
1035 -172 145 987 876 990 999 979
1015 -156 141 996 872 997 994 983
1004 -152 137 993 872 997 998 981
1008 -121 133 992 872 995 994 981
1012 -141 168 996 872 997 994 981
996 -137 152 992 875 992 1001 978
1012 -145 160 988 880 990 1001 978
1015 -137 164 989 872 997 1001 978
1012 -121 180 989 873 999 998 983
1019 -121 188 990 877 992 1005 978
1012 -137 258 997 872 999 1002 988
1004 -141 243 990 876 994 1000 980
1004 -145 251 992 877 994 1003 982
1000 -113 231 995 872 999 999 984
984 -121 243 994 878 996 1005 982
1008 -137 254 997 876 994 1001 979
1004 -137 243 991 873 999 998 980
996 -137 235 995 871 995 1004 983
1000 -149 235 992 877 995 1005 982
1012 -145 211 990 875 996 1001 978
1000 -149 192 992 880 994 1005 982
972 -129 172 992 877 994 1001 980
1031 -164 235 992 877 994 1001 982
1008 -172 231 991 874 999 1001 980
1004 -152 207 997 872 1001 994 985
1008 -164 207 996 872 997 998 983
1008 -172 192 997 872 999 1000 985
11.925801515579224