1004 -251 -62 1023 1023 1023 1007 996
1000 -254 -47 1023 1023 1022 1013 990
996 -254 -74 1023 1023 1022 1015 992
996 -270 -98 1023 1023 1022 1013 990
992 -313 -105 1023 1023 1022 1013 990
1004 -353 -82 1023 1023 1023 1013 992
996 -337 -94 1023 1023 1023 1013 992
992 -294 -94 1023 1023 1023 1007 996
968 -294 -62 1023 1023 1023 1006 993
984 -298 -50 1023 1023 1022 1013 990
1000 -309 -54 1023 1023 1023 1006 990
992 -286 -70 1023 1023 1022 1009 990
992 -294 -58 1023 1023 1018 1013 990
988 -317 -78 1023 1023 1014 1002 999
992 -286 -90 1023 1023 1020 1002 999
1000 -274 -31 1023 1023 1021 1000 997
1004 -270 -27 1023 1023 1015 1004 992
992 -262 -23 1022 1023 1014 1009 994
996 -262 -39 1021 1023 1020 1002 997
1000 -262 -43 1023 1023 1014 1005 992
996 -266 -50 1022 1023 1019 1002 997
996 -266 -43 1021 1023 1013 1002 997
1000 -254 -23 1022 1023 1014 1007 990
1000 -254 -19 1020 1023 1010 1003 991
1000 -251 -15 1022 1023 1014 1008 992
1004 -258 -11 1018 1023 1010 1002 996
1004 -258 -15 1022 1023 1011 1009 992
1012 -266 -15 1018 1023 1010 1005 990
1008 -258 -3 1023 1023 1017 1002 997
1004 -258 3 1023 1023 1020 1000 997
1019 -247 3 1023 1023 1013 1008 992
1008 -254 3 1023 1023 1017 1003 994
1008 -251 -11 1023 1023 1017 1000 993
992 -251 -11 1019 1023 1011 1005 991
1004 -258 -15 1022 1023 1014 1009 990
1008 -254 -19 1023 1023 1014 1009 992
1004 -258 -3 1023 1023 1017 1002 995
1004 -251 -3 1022 1023 1014 1002 996
1012 -251 3 1022 1023 1014 1004 990
1000 -247 0 1023 1023 1017 1002 995
988 -247 -7 1023 1023 1015 1002 997
1004 -247 -23 1022 1023 1010 1008 990
1008 -254 -15 1023 1023 1020 1002 996
1004 -251 -11 1023 1023 1017 1002 997
1008 -258 3 1023 1023 1017 1002 995
1015 -262 3 1022 1023 1011 1003 995
1008 -254 -3 1023 1023 1020 1000 996
996 -262 -7 1023 1023 1021 1002 997
992 -254 -15 1023 1023 1017 1002 996
992 -254 -7 1023 1023 1020 1002 995
976 -247 7 1019 1023 1010 1004 991
996 -243 11 1020 1023 1011 1008 992
1000 -243 15 1022 1023 1014 1008 990
984 -243 27 1023 1023 1020 1000 997
1015 -266 39 1020 1023 1010 1002 996
1004 -278 31 1023 1023 1015 1002 997
988 -243 23 1022 1023 1011 1008 992
992 -231 39 1021 1023 1010 1009 994
984 -274 105 1023 1023 1017 998 997
1015 -247 117 1023 1023 1017 1002 995
988 -270 152 1023 1023 1013 1007 994
1012 -274 200 1023 1023 1015 1000 994
1012 -247 203 1020 1023 1011 1009 992
988 -254 207 1023 1023 1020 1000 997
1019 -243 203 1020 1023 1013 1000 996
980 -298 149 1023 1023 1011 1005 990
1004 -305 160 1022 1023 1010 1005 992
996 -298 164 1023 1023 1010 1001 990
996 -294 168 1023 1023 1021 1000 997
1012 -302 172 1023 1023 1015 998 993
996 -286 149 1019 1023 1010 1005 990
1004 -294 121 1023 1023 1013 999 990
1012 -294 109 1023 1023 1016 1000 996
976 -302 94 1023 1023 1011 1005 992
1004 -305 94 1023 1023 1012 1005 992
1000 -294 94 1023 1023 1017 998 996
984 -290 -43 1023 1023 1015 998 996
976 -282 -58 1019 1023 1010 1004 990
1004 -305 -62 1023 1023 1015 1000 993
996 -313 -70 1023 1023 1013 1000 990
976 -278 -74 1023 1023 1015 1000 996
1008 -274 -35 1020 1023 1014 1000 993
976 -274 -19 1019 1023 1009 1001 991
996 -274 -23 1023 1023 1015 998 993
1012 -278 -23 1018 1023 1008 1000 991
996 -290 -47 1023 1023 1015 998 996
1008 -286 -31 1023 1023 1015 1000 993
1000 -286 -27 1023 1023 1015 998 993
996 -266 -43 1018 1023 1010 1003 990
1023 -254 50 1022 1023 1015 998 993
1019 -251 74 1023 1023 1013 998 993
1004 -231 62 1018 1023 1010 1001 988
1000 -223 82 1023 1023 1013 999 990
1000 -239 94 1018 1023 1008 1001 989
1004 -247 105 1023 1023 1015 1000 997
1008 -247 109 1018 1023 1013 998 993
1012 -262 98 1020 1023 1008 1005 990
1008 -266 82 1023 1023 1013 998 993
1019 -274 98 1023 1023 1015 1000 996
1015 -262 98 1023 1023 1011 1004 988
1000 -251 78 1023 1023 1013 998 988
1012 -254 101 1023 1023 1013 998 993
1015 -239 105 1017 1023 1015 998 993
992 -243 105 1023 1023 1013 998 993
980 -207 86 1018 1023 1006 999 990
961 -200 74 1023 1023 1006 993 992
1047 -227 113 1014 1023 1002 993 990
1015 -258 82 1020 1023 1005 987 992
1000 -239 82 1017 1023 1004 988 992
996 -203 62 1021 1023 1009 990 993
9.905344724655151