1000 -243 125 999 934 870 875 914
1004 -235 121 994 941 867 875 912
1004 -247 133 994 937 867 871 913
1008 -243 145 999 936 875 867 917
996 -243 137 996 937 871 868 915
1004 -239 125 994 940 867 873 914
1008 -231 125 994 937 868 871 914
1004 -239 141 1001 934 876 870 910
1004 -227 133 999 934 873 867 917
992 -239 133 1001 934 876 867 917
1012 -243 137 994 937 870 873 914
1008 -247 149 1001 934 875 868 917
1004 -243 125 996 937 867 873 914
1008 -247 145 999 935 873 868 917
1000 -247 137 1004 936 873 868 919
1000 -243 141 994 941 867 873 914
996 -243 137 1001 932 875 867 917
1000 -243 133 992 937 869 871 917
1000 -247 125 994 937 868 873 914
1004 -251 133 1001 934 873 870 917
1008 -247 133 998 937 868 873 912
996 -243 141 994 937 870 868 917
1004 -239 137 998 939 873 868 917
1000 -247 133 997 933 869 873 914
1000 -247 117 994 937 870 875 911
1000 -239 129 994 937 869 870 917
1000 -239 129 1001 934 871 870 916
1008 -243 125 1001 932 875 869 919
1004 -243 121 997 933 870 873 915
996 -251 137 1001 934 870 876 910
1000 -251 137 995 941 867 875 912
1000 -251 141 994 937 867 872 912
996 -254 145 997 933 869 874 914
996 -254 129 994 940 867 873 914
1000 -247 129 996 935 871 873 913
996 -254 141 1004 934 873 870 916
1004 -243 137 999 932 871 871 914
1004 -247 137 995 940 867 875 912
992 -251 121 1004 932 873 870 917
1004 -251 121 996 941 867 876 912
1008 -254 141 998 940 868 876 912
1000 -243 137 995 937 868 875 914
1000 -251 149 996 934 873 872 917
1000 -254 129 1005 936 875 868 919
1000 -258 125 995 940 867 876 912
1012 -258 133 1001 934 873 868 917
992 -247 125 994 937 868 875 914
1004 -247 145 1001 934 876 870 917
996 -239 129 995 937 873 870 917
996 -251 133 998 937 866 871 915
1008 -251 156 995 939 868 876 911
1015 -266 152 994 939 870 876 912
1008 -258 141 994 940 870 877 910
1004 -258 152 994 935 870 873 912
1012 -247 141 994 937 870 876 914
1000 -243 141 994 937 868 875 911
996 -251 137 995 940 867 877 911
988 -251 133 997 937 867 873 907
992 -243 125 1001 930 872 870 915
1000 -254 149 999 934 873 870 917
1008 -270 156 996 935 866 872 913
1000 -258 152 1001 932 875 868 917
1000 -262 152 994 934 869 870 916
996 -258 141 997 932 871 871 917
1000 -254 145 994 937 867 873 914
1000 -254 152 994 937 868 873 912
1004 -262 156 995 935 869 870 916
1000 -247 141 994 935 868 871 914
1004 -251 149 997 933 871 874 912
1000 -247 141 1001 930 873 870 916
996 -254 141 994 935 869 871 912
996 -258 149 994 940 867 876 911
1000 -254 141 994 940 867 876 910
1004 -262 152 994 940 875 870 917
1000 -266 152 1001 932 875 870 917
1004 -262 149 1001 931 875 870 916
996 -262 152 999 934 871 870 914
1008 -254 137 997 932 870 874 913
1000 -266 145 1001 932 875 870 917
992 -258 141 999 932 876 872 913
1004 -254 141 997 934 873 870 914
1004 -251 141 1004 930 870 876 911
996 -251 145 995 937 870 877 911
1004 -262 141 994 935 869 873 912
1008 -258 137 994 935 870 873 909
996 -251 145 997 934 871 869 913
1000 -254 149 995 939 870 876 912
1004 -258 137 996 937 868 873 912
1000 -266 141 994 937 870 873 912
1000 -266 141 1001 934 867 876 912
996 -262 137 996 934 870 876 911
996 -258 137 1001 932 875 870 917
1000 -262 145 994 935 868 871 917
996 -266 149 1001 931 876 870 913
1000 -258 152 999 934 873 868 916
996 -258 141 1001 931 873 870 915
1008 -266 141 992 934 871 871 916
996 -266 137 995 937 866 873 912
996 -262 137 1001 930 873 870 916
1000 -254 129 997 932 870 875 911
1000 -266 137 1001 931 876 870 917
1004 -266 133 994 935 868 872 912
996 -258 129 999 930 873 870 916
996 -262 152 994 937 867 873 910
996 -262 141 994 935 868 871 912
1000 -262 137 999 931 872 868 913
996 -258 137 994 933 873 871 917
992 -258 149 997 932 871 874 917
996 -258 149 995 940 870 877 911
1004 -258 149 1001 934 873 870 917
1008 -262 156 999 932 870 874 912
1008 -266 145 995 933 870 872 913
1012 -270 137 997 933 869 876 911
996 -266 145 994 933 868 869 916
996 -251 133 994 933 868 870 916
992 -266 141 999 931 871 870 913
996 -262 145 999 934 873 868 917
1000 -251 141 995 937 866 876 910
1004 -258 137 997 933 871 872 912
1004 -258 149 996 937 868 876 911
1004 -262 137 994 937 867 873 912
8.338287115097046