882 -258 498 957 995 876 884 919
882 -270 506 961 992 879 884 919
866 -266 502 961 996 874 885 918
878 -258 502 965 994 881 882 921
874 -270 509 958 999 874 889 914
874 -262 509 964 990 877 883 921
878 -262 494 958 999 879 882 924
882 -262 506 961 991 877 882 922
886 -270 506 958 997 875 887 920
878 -266 506 965 992 880 882 925
870 -262 502 965 992 877 880 924
874 -258 509 958 997 874 885 920
874 -258 502 958 993 874 879 925
874 -282 513 958 997 874 883 920
890 -278 509 956 992 880 878 925
866 -254 498 958 995 872 879 923
886 -266 513 958 997 874 884 923
878 -270 498 959 997 874 885 928
874 -251 494 958 993 876 879 935
882 -258 498 958 992 879 878 933
882 -270 521 965 992 880 879 935
882 -258 502 960 992 880 882 939
886 -258 490 965 992 881 882 940
878 -251 490 965 992 881 882 945
878 -274 506 958 997 874 887 939
882 -258 502 959 995 877 880 945
898 -254 478 965 992 880 880 948
898 -254 482 965 992 881 878 937
890 -262 498 958 996 874 885 934
890 -254 490 965 990 879 878 937
894 -254 490 961 991 874 884 934
890 -266 486 958 996 872 881 934
886 -270 494 965 990 877 878 937
890 -247 478 963 990 875 877 930
894 -266 486 960 992 878 876 935
894 -258 486 958 993 872 879 931
890 -258 490 959 993 872 879 930
882 -274 498 964 990 875 880 930
882 -266 502 959 997 872 881 930
886 -254 486 961 992 879 876 935
882 -266 498 964 990 876 876 931
890 -266 486 965 990 875 877 930
890 -254 478 958 992 876 875 935
886 -266 494 961 991 872 882 931
878 -262 502 965 992 887 884 936
886 -251 486 959 997 882 891 932
882 -262 490 962 993 882 887 933
878 -294 513 958 993 882 885 934
882 -270 498 958 997 879 889 932
882 -262 494 967 987 889 883 937
878 -266 498 965 990 887 883 936
886 -266 490 966 990 889 882 937
882 -258 490 967 990 889 883 937
882 -266 506 962 993 883 887 934
878 -258 490 967 987 893 893 938
882 -254 490 960 993 888 892 936
886 -258 486 962 993 886 892 936
886 -262 490 965 988 889 892 936
886 -266 494 962 996 886 895 936
894 -262 494 969 987 891 888 941
882 -258 490 965 990 887 888 939
886 -254 482 962 993 886 892 938
886 -262 494 967 990 891 890 941
882 -262 482 960 993 886 893 938
886 -262 498 967 990 892 890 941
886 -254 482 963 991 888 890 938
890 -258 490 963 993 886 895 936
886 -262 494 960 992 886 890 940
886 -258 490 967 988 892 888 941
886 -258 486 967 990 892 888 941
886 -266 490 962 992 886 891 940
886 -258 490 967 987 889 888 941
890 -258 494 965 988 887 891 937
882 -262 494 965 990 889 890 939
886 -262 490 965 990 891 890 941
890 -254 478 965 990 889 888 940
886 -274 494 965 990 889 890 940
890 -258 498 962 997 886 891 936
890 -254 486 962 996 882 893 934
886 -262 490 965 990 889 890 938
886 -258 490 962 986 889 888 941
890 -262 490 960 996 884 895 938
894 -270 490 960 996 884 895 938
886 -262 490 962 996 884 895 938
886 -258 486 962 993 886 895 934
890 -258 482 967 990 892 890 941
886 -266 498 962 992 890 890 936
886 -258 490 962 996 882 895 936
886 -258 486 962 987 886 895 937
898 -258 490 962 993 886 895 936
10.020645380020142