1004 -243 125 970 873 994 973 867
996 -266 149 973 867 997 964 869
1004 -290 160 968 871 992 965 868
1012 -254 172 977 872 996 958 876
996 -247 176 977 872 997 959 879
1004 -251 160 977 872 996 965 874
1004 -251 164 980 872 997 959 877
1008 -247 156 977 872 993 962 880
1004 -243 152 971 875 990 963 875
996 -258 168 973 870 992 965 874
996 -235 152 973 869 992 963 874
1004 -235 152 974 873 991 962 876
1004 -251 164 970 877 990 965 872
1004 -247 149 977 872 996 960 877
1000 -243 160 973 877 987 965 872
1000 -247 176 970 877 987 967 872
992 -231 149 977 872 993 960 877
1008 -254 168 977 872 996 962 877
1000 -235 141 977 872 995 964 889
1008 -239 152 977 872 993 963 887
1008 -251 168 977 874 997 964 888
1000 -235 149 971 880 990 967 883
1000 -254 164 975 874 990 967 884
1004 -247 152 971 880 986 969 883
1000 -251 149 977 872 996 962 889
1004 -254 152 977 872 996 962 889
1000 -251 152 977 874 997 962 889
1004 -251 149 974 875 996 964 887
1000 -247 149 977 874 993 962 891
996 -247 141 977 873 996 962 892
1004 -239 145 975 872 990 966 889
1008 -243 152 972 875 990 967 890
1004 -247 152 981 872 997 962 893
996 -235 145 977 871 992 963 891
1008 -247 149 980 872 996 963 895
1008 -266 160 971 879 988 969 890
1000 -254 145 981 874 997 962 893
1000 -254 149 980 875 992 964 891
1000 -251 160 980 872 993 962 892
996 -247 160 974 880 987 969 888
1000 -247 164 976 874 995 962 893
992 -243 160 975 872 990 964 891
1008 -254 164 971 880 987 969 895
1004 -258 156 977 872 992 963 891
1000 -243 160 972 880 990 969 888
992 -239 152 972 881 990 969 888
1004 -247 152 981 874 996 960 891
1000 -247 145 974 877 987 967 888
1000 -251 145 977 874 993 962 893
1008 -254 160 972 880 990 972 893
996 -247 149 974 877 990 965 888
996 -243 145 980 874 989 968 890
1004 -247 156 980 872 996 962 893
1004 -247 152 974 876 989 963 892
1004 -247 152 980 872 993 963 893
1008 -251 156 977 872 993 962 892
1000 -243 152 974 879 987 967 889
1004 -247 168 973 875 990 969 890
1000 -247 152 975 880 990 965 890
1004 -247 160 980 874 997 962 895
996 -235 133 974 877 990 965 888
1000 -243 145 977 874 993 962 893
1008 -251 149 981 872 996 962 893
1004 -251 141 977 873 990 964 891
1004 -247 149 974 880 987 969 892
1008 -251 164 975 881 990 969 890
988 -239 149 981 875 996 962 890
1000 -243 160 983 874 996 962 896
1008 -258 164 975 881 986 969 890
1000 -243 152 974 877 993 962 895
1004 -258 164 981 874 996 962 895
1000 -247 145 981 874 991 962 892
1004 -239 149 974 880 987 967 893
1000 -251 149 981 874 993 962 895
1000 -231 145 974 877 988 965 892
996 -243 149 983 874 997 967 891
996 -254 160 979 874 992 962 893
1000 -239 145 974 876 988 963 895
1008 -251 149 974 877 990 965 890
996 -254 160 974 877 988 967 891
1000 -247 160 981 874 986 967 891
1000 -243 145 980 874 993 962 893
1000 -243 149 980 874 992 962 893
992 -235 141 974 881 987 969 890
1000 -251 160 981 874 993 962 895
10.948236465454102