949 -333 121 961 1022 959 942 890
961 -329 168 955 1023 954 949 882
1035 -341 149 954 1023 954 949 882
1000 -298 47 953 1012 947 931 910
996 -274 50 952 1017 949 931 912
1008 -278 31 957 1011 951 934 917
1004 -274 15 951 1013 945 934 913
1004 -282 27 957 1010 951 934 915
996 -258 23 950 1015 946 937 908
996 -274 35 953 1010 947 935 913
1000 -274 39 953 1010 947 933 909
1004 -282 43 957 1010 949 934 913
1004 -286 66 952 1015 944 937 908
1008 -290 58 959 1010 949 932 913
992 -278 47 952 1015 944 935 911
1004 -286 54 957 1010 951 934 913
984 -270 50 957 1014 951 933 913
1000 -290 62 952 1015 944 935 911
996 -266 47 952 1017 946 940 910
1000 -278 50 952 1013 946 937 910
1008 -286 70 960 1014 952 932 915
992 -274 54 955 1012 947 932 910
1012 -290 35 957 1011 953 946 925
1004 -286 47 952 1013 947 951 922
996 -270 31 952 1015 950 953 922
1012 -274 11 955 1012 955 964 927
980 -278 11 960 1010 959 962 929
996 -290 31 954 1013 954 967 926
1000 -278 35 954 1015 952 967 922
1008 -282 27 964 1010 961 962 921
1000 -278 19 959 1012 954 964 916
1000 -286 19 959 1013 954 965 919
996 -290 31 967 1011 962 960 923
996 -282 39 967 1011 958 965 916
1004 -286 35 967 1010 961 958 923
1008 -290 27 967 1007 961 958 921
1000 -294 35 965 1010 957 960 919
1000 -294 39 962 1013 955 962 924
988 -278 39 963 1011 962 962 918
1004 -290 27 965 1011 959 960 921
996 -298 27 964 1015 956 965 918
1000 -278 27 963 1013 958 963 918
992 -286 31 963 1009 956 964 918
992 -298 39 963 1013 954 963 918
1008 -286 35 964 1015 956 965 918
1012 -282 23 967 1010 961 958 925
1004 -278 3 964 1009 956 963 922
992 -286 11 962 1015 954 964 922
1008 -286 23 962 1015 954 961 920
1000 -286 35 965 1010 959 959 924
1004 -290 27 965 1013 959 959 925
1000 -286 23 969 1010 964 958 925
1000 -290 27 967 1011 961 958 925
1008 -290 31 969 1010 961 958 924
10.009263753890991