302 784 404 955 1021 960 943 878
278 823 368 961 1014 965 940 884
298 800 392 961 1016 965 938 881
305 796 392 956 1017 959 944 878
286 819 372 964 1014 965 938 880
286 800 388 954 1020 959 944 878
286 788 396 961 1014 964 938 879
290 804 388 961 1016 965 938 881
290 788 388 957 1016 963 938 880
294 776 380 954 1020 960 941 876
278 780 376 954 1019 960 941 876
278 788 364 954 1016 960 938 880
674 553 360 953 1014 964 939 844
655 588 329 956 1012 965 938 845
639 662 305 950 1011 961 939 844
662 623 423 947 1019 959 945 844
670 635 462 947 1015 959 943 844
659 674 443 951 1010 959 938 846
639 608 455 953 1010 964 938 849
690 458 560 953 1011 964 938 849
717 427 580 951 1010 961 938 847
678 494 525 948 1013 960 938 849
678 557 482 948 1013 958 939 847
678 549 458 951 1010 961 938 849
733 341 600 951 1011 961 940 846
753 286 666 951 1011 963 936 851
478 356 619 950 1011 964 936 853
533 392 643 948 1019 958 943 851
553 380 678 949 1012 959 939 856
353 302 706 953 1014 965 936 865
290 564 521 950 1017 958 941 864
235 706 435 950 1017 960 941 867
117 584 513 950 1020 958 941 868
105 584 525 951 1011 961 934 871
105 647 462 950 1017 958 940 871
90 662 455 953 1012 964 936 873
-50 674 411 948 1015 957 937 870
-109 757 372 948 1015 958 935 866
-200 788 341 951 1013 958 938 866
-239 788 298 949 1017 958 941 864
-251 882 188 953 1014 964 938 865
-278 957 211 950 1015 959 936 865
-404 1008 168 951 1013 959 938 861
-388 1086 62 953 1014 961 938 861
651 423 494 946 1011 955 937 852
698 215 643 953 1010 961 936 855
670 239 615 950 1011 960 936 855
286 827 164 947 1010 960 938 857
360 835 184 946 1015 954 941 854
392 741 227 951 1010 959 938 855
443 576 278 946 1013 954 941 852
533 553 313 951 1011 961 938 851
494 592 309 949 1011 959 938 851
553 557 345 949 1009 958 937 850
529 564 353 949 1010 961 938 853
553 670 313 947 1008 955 940 849
557 698 329 948 1010 960 936 852
533 686 364 946 1013 961 936 853
521 729 321 946 1013 954 941 849
560 760 302 946 1015 954 941 848
560 725 333 947 1009 955 938 851
549 702 325 949 1008 955 939 847
557 760 333 947 1009 955 941 851
557 827 317 951 1010 961 938 853
572 945 407 951 1008 959 934 853
-262 1110 -98 954 1015 954 935 846
-251 1039 -101 952 1015 954 935 846
-23 1051 -101 956 1012 957 934 849
-117 1004 -86 952 1013 952 937 868
-3 1043 -82 956 1010 957 934 870
47 976 -23 952 1009 954 935 866
172 906 35 951 1009 952 935 866
239 792 141 952 1008 952 934 868
349 823 141 957 1010 960 936 868
364 733 160 952 1012 952 940 862
364 608 474 955 1008 952 932 851
235 627 525 960 1010 956 930 853
254 678 494 956 1009 954 932 851
188 819 384 961 1006 957 930 853
31 921 270 958 1013 954 935 848
7 964 235 964 1010 960 935 850
-3 957 207 959 1010 956 930 853
-35 917 200 959 1011 952 935 850
-105 925 211 958 1013 952 935 850
-168 984 196 961 1007 957 928 856
-231 933 145 961 1006 955 930 853
10.032012939453125