976 -411 23 963 886 993 866 873
964 -404 19 956 886 986 866 868
972 -400 11 961 883 993 864 871
976 -415 19 962 886 993 864 872
972 -415 19 955 889 987 871 867
961 -388 0 955 891 990 869 871
968 -419 19 957 885 994 867 873
961 -419 7 961 883 993 864 873
968 -415 7 958 892 990 870 869
953 -411 7 958 889 988 869 870
972 -423 15 958 890 986 869 868
972 -419 15 961 884 993 866 871
953 -411 7 957 885 989 864 873
957 -419 7 964 884 993 864 873
964 -396 0 964 884 996 866 873
976 -427 15 965 885 996 866 873
972 -435 23 959 884 992 865 871
972 -427 15 962 888 993 868 870
957 -411 11 958 889 990 869 870
961 -407 11 959 887 992 866 871
972 -415 11 959 885 993 867 871
976 -423 11 964 886 997 866 873
964 -411 11 958 887 988 864 870
961 -407 3 961 888 997 866 875
964 -407 11 959 889 987 868 872
964 -411 7 960 889 990 868 870
968 -407 3 959 893 992 871 872
961 -404 3 960 887 990 869 872
961 -400 0 964 886 992 865 870
972 -411 11 963 888 990 871 871
972 -419 3 967 889 990 869 870
976 -419 7 959 890 992 870 872
957 -376 -39 969 886 997 866 876
976 -388 -35 963 889 994 869 872
964 -384 -39 964 887 993 866 877
968 -380 -47 969 886 997 866 875
980 -372 -35 962 892 992 871 874
988 -376 -31 964 886 999 868 879
972 -376 -50 963 887 995 869 874
968 -380 -54 963 891 994 873 877
980 -396 -50 969 888 999 866 879
984 -392 -58 969 886 999 866 877
968 -372 -62 967 886 995 866 877
984 -384 -50 962 889 992 869 874
972 -364 -82 964 887 992 866 876
972 -368 -43 966 892 990 869 872
980 -384 -47 964 887 991 866 876
992 -388 -39 965 887 993 869 873
976 -380 -50 964 891 992 871 873
976 -376 -58 964 891 992 871 873
984 -384 -47 962 892 994 873 874
988 -376 -58 962 889 992 868 873
976 -372 -66 965 886 997 866 877
992 -372 -66 962 889 994 869 874
972 -364 -62 962 893 992 871 874
941 -341 -86 969 886 997 866 877
968 -341 -137 969 888 997 866 877
984 -333 -133 964 892 992 871 873
972 -329 -129 972 888 996 866 877
972 -325 -121 964 893 990 871 872
976 -325 -133 965 888 992 870 873
980 -325 -137 964 889 990 867 875
976 -341 -137 964 889 990 869 875
976 -337 -133 967 888 993 868 877
984 -345 -133 963 893 994 873 874
976 -337 -145 972 888 997 866 877
961 -321 -137 967 888 992 871 874
984 -364 -109 972 888 997 866 877
968 -329 -145 972 888 994 872 875
961 -325 -156 972 888 996 867 877
984 -372 -137 972 888 996 866 877
964 -353 -156 967 888 994 866 877
961 -364 -125 969 888 993 867 875
961 -360 -117 973 888 997 866 877
964 -368 -117 966 889 990 869 873
972 -380 -121 968 893 992 871 874
976 -384 -133 968 888 992 868 875
961 -380 -137 966 891 993 866 879
961 -384 -137 968 893 992 871 874
968 -376 -125 967 888 992 866 879
961 -376 -137 972 888 996 866 876
972 -388 -129 966 891 990 869 875
968 -376 -129 971 888 997 867 880
953 -364 -141 966 889 991 868 876
949 -376 -129 971 888 997 868 880
976 -380 -117 968 892 990 871 874
961 -376 -133 973 888 997 866 879
957 -376 -141 966 892 990 869 874
964 -384 -125 972 893 992 873 878
972 -388 -117 969 890 995 868 877
972 -388 -125 973 888 997 866 881
972 -388 -125 973 890 995 866 877
957 -376 -133 972 890 992 871 874
949 -364 -129 967 888 992 871 874
964 -372 -117 966 892 990 871 876
972 -376 -125 969 888 993 867 879
961 -372 -125 969 890 996 870 877
964 -384 -129 968 892 992 872 874
972 -384 -113 968 893 990 869 875
968 -380 -125 968 892 990 869 874
961 -376 -133 966 893 990 871 874
957 -376 -125 969 888 993 866 877
961 -376 -129 972 888 996 866 879
961 -380 -129 966 892 990 866 877
964 -368 -137 972 888 993 866 879
972 -380 -117 969 888 995 866 879
972 -380 -129 968 888 990 868 874
961 -372 -141 966 892 990 869 874
961 -376 -129 965 888 993 868 880
964 -380 -125 966 889 994 871 874
968 -372 -129 968 895 992 874 874
957 -360 -133 966 893 987 871 874
964 -372 -129 966 892 988 869 874
976 -380 -129 966 891 988 868 875
961 -372 -133 969 887 991 868 875
976 -372 -129 964 889 989 867 874
957 -368 -125 965 889 991 867 879
964 -368 -129 967 889 989 869 875
964 -376 -129 966 893 990 869 874
10.118700981140137