929 -419 266 935 891 862 873 887
941 -415 270 940 890 865 870 889
949 -415 254 939 890 865 870 889
941 -415 251 934 891 863 874 888
921 -411 254 940 892 867 870 892
933 -435 262 935 891 865 872 892
941 -431 266 936 897 860 877 886
933 -411 254 933 895 862 877 888
929 -427 270 937 890 865 872 893
941 -427 266 934 891 866 873 888
933 -404 247 935 895 860 877 888
933 -415 251 937 895 860 875 886
937 -435 274 937 890 865 870 889
941 -415 258 937 891 863 871 888
921 -407 254 935 890 865 870 892
937 -415 266 934 893 861 876 886
941 -419 262 940 890 868 870 891
941 -427 262 940 890 865 870 889
925 -427 262 937 890 864 870 887
941 -427 270 937 890 867 870 889
937 -423 258 941 890 867 872 891
933 -419 262 934 895 861 876 888
941 -443 282 933 895 862 877 888
933 -427 266 937 890 865 870 887
933 -419 286 935 897 864 877 888
933 -423 286 941 891 868 872 891
929 -419 262 932 897 862 877 886
933 -407 258 934 897 862 877 886
929 -404 251 936 891 868 870 891
945 -404 251 934 897 862 876 886
937 -419 270 936 890 865 872 889
937 -411 258 934 897 862 876 888
933 -407 258 937 890 865 870 889
933 -419 266 941 888 868 870 893
929 -419 274 933 891 865 870 893
937 -423 266 934 895 862 873 890
933 -419 262 932 896 862 876 892
937 -427 266 936 897 862 876 890
929 -427 254 934 895 864 874 893
937 -415 258 939 894 868 872 895
933 -415 262 936 895 864 873 892
937 -423 258 936 897 862 877 892
933 -415 251 940 890 865 870 895
929 -419 262 934 895 862 873 892
933 -435 278 934 895 862 873 892
937 -431 274 936 892 862 875 891
933 -419 270 934 893 862 871 893
933 -427 266 934 897 862 876 891
929 -415 258 934 896 862 873 892
929 -423 262 938 896 868 870 897
933 -419 254 937 894 868 872 897
937 -423 254 941 894 868 870 897
941 -415 254 941 892 868 870 896
929 -419 258 937 894 865 870 894
937 -415 274 936 895 862 875 892
929 -415 254 937 896 863 873 893
929 -419 247 936 894 867 870 896
937 -427 262 936 894 864 870 897
925 -423 262 936 897 862 875 892
933 -423 266 936 898 864 876 892
937 -415 262 936 897 862 873 892
933 -423 262 941 891 868 870 897
933 -423 258 934 894 863 871 893
929 -435 266 940 892 865 870 893
933 -411 270 934 900 862 875 892
937 -427 262 936 900 862 876 892
933 -419 254 936 897 862 873 892
933 -415 266 934 897 862 873 894
933 -419 262 935 892 869 872 898
929 -415 262 936 895 865 872 894
937 -423 270 937 900 868 872 897
937 -431 270 936 899 864 877 894
933 -411 258 941 894 868 870 897
925 -411 251 937 900 864 877 891
937 -431 262 940 892 869 870 897
929 -431 278 939 896 862 871 893
941 -423 274 934 899 864 876 892
925 -431 274 936 896 862 872 892
925 -427 266 936 899 863 875 891
925 -419 262 940 894 865 870 895
933 -423 258 936 895 862 871 892
937 -427 258 934 895 863 871 894
933 -427 266 941 892 868 870 897
925 -427 266 936 897 862 875 891
929 -419 266 937 892 865 870 893
925 -419 258 936 900 862 877 891
925 -415 262 937 894 865 871 896
937 -423 270 941 892 867 870 895
921 -419 274 938 900 864 876 891
917 -380 243 937 893 865 873 893
933 -392 235 939 894 867 872 897
953 -423 262 934 896 862 873 892
933 -427 286 936 895 865 872 892
925 -431 286 937 892 865 870 893
921 -435 294 936 896 862 873 892
937 -435 286 936 895 863 870 892
933 -419 266 936 897 862 873 894
933 -415 254 936 896 862 875 894
953 -419 298 943 894 869 873 892
937 -407 290 944 895 869 871 896
921 -423 305 939 897 864 873 892
921 -431 309 941 894 869 872 897
921 -431 313 941 894 870 872 897
917 -423 294 939 898 864 876 892
925 -423 305 940 893 864 871 894
917 -435 313 936 897 864 877 894
917 -427 317 944 892 867 870 895
913 -415 294 941 894 869 872 895
921 -415 286 939 898 864 875 891
933 -423 290 943 894 864 875 892
933 -439 305 940 894 865 871 892
910 -423 309 944 894 869 870 896
925 -439 305 938 897 864 876 891
929 -435 286 941 892 868 872 897
925 -427 270 945 894 869 871 896
917 -439 274 938 897 862 873 891
10.980573892593384