-961 31 149 969 893 866 860 958
-972 43 149 969 893 869 854 959
-961 39 152 967 890 871 855 961
-968 27 156 966 895 866 860 958
-961 39 145 972 890 871 852 963
-968 47 141 973 890 869 854 959
-953 39 152 973 890 869 854 959
-957 31 145 973 890 871 852 961
-957 35 141 973 891 871 854 961
-961 31 149 966 893 867 857 959
-968 54 149 969 890 866 856 959
-968 54 156 966 895 866 859 959
-964 35 141 966 896 866 857 958
-957 23 137 968 895 867 859 958
-961 35 137 966 897 866 859 958
-957 23 141 968 895 866 857 958
-949 39 121 972 890 869 852 959
-953 31 137 969 891 869 854 958
-961 54 121 966 892 866 855 960
-980 43 141 973 890 871 854 961
-972 58 125 966 891 867 855 961
-972 43 125 966 891 869 855 961
-964 35 129 966 895 866 860 958
-968 27 137 966 891 869 855 964
-964 27 133 966 891 868 852 963
-957 39 121 972 890 869 854 961
-941 3 141 969 891 867 855 959
-953 50 101 966 895 867 857 958
-961 31 121 966 892 869 855 963
-968 39 125 972 891 869 852 959
-980 50 121 966 895 866 854 956
-980 58 117 972 892 869 854 959
-968 35 129 969 892 869 854 959
-968 27 133 966 895 865 854 960
-964 43 117 966 897 866 857 958
-964 31 113 969 894 869 855 961
-961 27 117 966 897 866 857 958
-961 39 109 973 891 869 854 961
-968 27 121 968 899 866 859 956
-964 35 125 973 894 871 854 961
-964 39 125 968 899 866 855 958
-964 39 117 972 894 873 854 963
-961 31 109 969 891 871 855 962
-968 39 105 966 893 866 855 959
-961 47 125 966 893 866 855 959
-957 43 101 967 892 870 852 961
-964 19 121 969 892 867 854 958
-976 43 109 969 892 867 854 958
-968 39 117 966 897 866 859 956
-980 47 105 966 897 866 859 958
-976 23 113 970 893 871 853 961
-964 31 105 973 892 872 852 963
-949 23 105 968 900 866 859 958
-957 31 105 973 892 872 859 955
-968 43 109 966 897 867 860 956
-961 31 109 969 892 868 854 959
-972 47 101 966 894 873 852 963
-968 35 109 967 899 867 859 958
-980 35 105 969 892 869 855 958
-968 27 105 971 891 869 854 963
-972 23 109 969 891 871 854 958
-968 35 109 972 891 869 852 959
-968 35 94 969 892 871 854 961
-968 23 90 966 895 867 860 958
-972 31 90 964 897 866 859 958
-968 19 101 967 894 866 856 956
-968 35 94 966 897 866 855 956
-964 11 101 969 894 870 856 956
-961 27 98 967 894 872 855 964
-976 50 90 968 894 866 854 961
-964 35 98 967 899 869 854 959
-961 43 78 969 891 867 855 956
-961 39 78 967 895 867 860 956
-961 31 82 966 898 867 860 956
-961 11 94 969 892 871 855 961
-968 27 86 968 892 867 855 956
-972 7 101 966 894 866 855 958
-976 23 86 968 897 866 857 956
-972 50 82 972 894 872 854 961
-961 27 90 967 897 866 857 955
-972 35 82 966 895 866 854 958
-968 35 86 966 895 866 854 956
-968 27 90 972 891 871 852 961
-968 11 105 969 891 868 853 959
-968 43 94 968 899 868 854 959
-976 35 94 966 895 866 855 958
-968 27 78 966 894 866 854 957
-964 27 86 966 896 866 855 956
-980 27 94 969 894 871 854 961
-980 23 90 969 892 868 855 959
-976 39 82 969 891 871 854 961
-976 27 98 966 895 865 855 956
-968 39 78 972 891 872 852 961
-964 19 90 968 894 869 854 959
-968 39 78 966 895 867 858 957
-968 15 98 966 897 866 855 956
-972 35 86 972 891 869 854 959
-972 35 90 969 894 869 854 959
-961 27 86 968 897 866 859 955
-964 31 101 969 894 871 854 961
-957 43 78 969 892 869 853 959
-961 35 90 969 892 867 853 957
-961 11 90 969 894 873 855 959
-961 43 78 966 897 866 857 954
-957 31 86 969 894 869 854 957
-953 39 98 972 892 873 853 961
-964 43 90 969 891 871 854 961
-964 50 74 969 893 873 859 954
-964 31 90 971 891 869 853 957
-964 35 74 964 893 868 854 960
-964 43 78 972 892 871 852 960
-976 15 98 973 894 867 859 955
-976 47 82 969 892 867 859 961
-980 35 90 967 892 867 853 955
-968 31 82 967 892 867 854 955
-964 43 78 971 894 870 854 960
-964 50 66 971 894 873 854 960
-964 23 98 964 897 866 859 958
11.01425313949585