-961 31 -86 964 893 874 996 950
-968 31 -82 967 888 880 992 957
-972 47 -101 967 888 877 991 957
-957 35 -78 967 888 874 997 954
-953 39 -90 967 888 880 990 953
-953 39 -94 969 886 879 990 953
-945 27 -86 963 892 874 993 950
-949 47 -101 969 888 880 990 955
-961 39 -90 963 889 875 996 950
-968 31 -82 961 888 877 992 955
-964 54 -94 962 889 874 992 952
-972 47 -82 962 889 874 992 952
-972 54 -98 967 888 877 990 957
-972 58 -101 962 893 874 997 954
-968 50 -109 966 888 880 992 955
-961 35 -98 965 888 877 990 952
-964 23 -101 962 889 874 992 951
-976 27 -98 962 893 874 996 951
-968 43 -98 962 893 874 996 950
-957 39 -90 962 891 874 992 950
-957 43 -94 962 893 874 997 950
-957 35 -105 962 893 874 996 950
-945 47 -105 962 893 874 996 950
-933 31 -90 967 890 879 990 953
-917 31 -78 962 891 875 997 950
-933 70 -94 965 890 877 991 952
-957 54 -86 962 892 874 995 952
-976 62 -90 968 888 880 990 953
-984 47 -86 962 891 874 993 950
-984 39 -98 963 889 874 992 951
-988 35 -90 962 893 874 993 950
-992 31 -94 966 891 876 996 952
-972 35 -109 962 893 874 997 950
-968 43 -113 965 891 877 990 952
-964 27 -113 964 892 872 992 948
-945 11 -105 969 888 881 990 953
-949 31 -101 967 888 875 995 953
-964 54 -109 962 889 876 993 952
-968 58 -94 967 889 881 992 952
-961 43 -90 967 890 881 992 955
-953 58 -125 962 891 874 990 950
-949 43 -121 962 893 874 993 952
-957 39 -98 969 888 879 990 956
-972 62 -105 962 893 874 996 950
-964 39 -82 967 888 877 990 956
-953 62 -117 967 888 877 987 950
-957 58 -98 962 893 874 991 948
-968 39 -94 969 888 879 986 951
-957 54 -109 967 890 876 990 951
-949 50 -113 966 891 875 989 948
-972 54 -78 963 893 874 992 947
-953 54 -90 963 895 876 996 950
-945 31 -82 963 895 876 995 948
-953 58 -101 963 891 875 991 950
-964 62 -94 963 892 875 993 948
-976 62 -82 962 893 874 991 948
-964 78 -109 969 890 881 990 949
-949 35 -94 971 890 881 987 953
-933 27 -101 963 891 876 992 950
-933 39 -109 966 892 875 989 948
-929 39 -101 965 888 875 991 948
-957 70 -98 966 893 875 991 948
-972 82 -109 962 892 875 993 947
-957 50 -105 967 888 877 990 953
-961 50 -113 969 890 881 989 947
-972 58 -113 963 891 876 992 948
-957 35 -101 967 890 879 988 951
-968 50 -98 965 895 875 993 950
-976 50 -78 962 895 875 996 950
-976 58 -90 963 893 876 995 948
-976 62 -101 969 888 877 990 955
-957 62 -105 962 895 875 993 947
-945 39 -113 969 888 877 986 951
-968 54 -101 962 893 874 991 948
-961 58 -94 969 890 881 986 953
-957 47 -94 963 895 874 991 947
-957 58 -105 966 889 880 986 951
-964 58 -109 966 893 874 991 946
-964 58 -105 965 893 874 991 947
-961 58 -121 966 890 880 986 951
-953 58 -125 966 891 874 991 946
-949 54 -109 969 890 880 986 951
-945 66 -113 969 888 877 987 951
-953 50 -101 963 889 876 986 951
-953 47 -98 963 892 874 987 948
-949 54 -117 967 890 877 986 949
-957 62 -105 964 889 874 986 951
-961 47 -101 964 895 874 991 947
-961 70 -109 966 893 874 989 947
-964 70 -109 967 888 877 986 949
-953 50 -105 972 888 880 986 951
-953 62 -113 966 895 874 991 947
-961 54 -98 966 895 875 993 950
-961 74 -113 966 891 874 989 950
-949 47 -90 964 891 875 989 950
-945 39 -74 963 893 874 989 947
-953 105 -152 972 888 879 986 951
-961 50 -105 966 891 874 987 948
-980 78 -125 967 888 875 988 948
-964 70 -117 966 893 881 984 951
-964 54 -113 967 890 879 987 951
-961 58 -109 973 890 881 986 953
-961 86 -129 973 888 877 986 949
-949 78 -129 964 893 874 989 947
-953 74 -121 967 890 875 985 948
-949 78 -117 967 890 874 991 947
-957 58 -113 971 888 879 986 951
-949 66 -117 972 888 880 986 951
-949 74 -121 964 891 874 987 948
-949 62 -121 971 888 880 989 946
-961 54 -101 972 888 880 984 951
-957 43 -109 972 888 881 984 953
-964 70 -121 966 892 874 986 948
-957 66 -133 966 892 874 987 949
-945 78 -129 966 893 874 989 950
-945 70 -137 966 893 874 989 947
-941 66 -133 966 895 874 991 947
-949 70 -133 966 890 874 985 951
-953 74 -121 968 892 876 986 951
-957 66 -121 969 891 879 986 951
-957 82 -137 966 890 875 987 950
-957 70 -121 969 888 879 986 953
-957 62 -117 967 889 877 987 953
-961 66 -117 972 888 877 986 953
-941 86 -141 968 893 877 986 956
-945 58 -133 971 889 875 989 952
-945 54 -129 968 893 875 989 952
-949 82 -137 968 893 875 991 950
-957 70 -121 972 890 877 986 956
-961 66 -129 968 895 875 991 950
-957 82 -133 970 895 876 991 952
-953 74 -141 977 891 874 991 950
-949 50 -113 970 895 874 989 950
-964 74 -125 968 895 874 989 950
-949 62 -129 968 895 874 991 950
-945 70 -137 973 890 876 984 950
-945 70 -137 969 895 874 989 950
-949 54 -129 971 890 877 984 952
-949 70 -137 971 893 876 986 957
-949 58 -145 970 891 874 985 951
-957 78 -149 970 895 880 988 953
-961 62 -121 976 888 879 984 955
-961 58 -133 970 889 880 984 955
-964 70 -129 971 890 874 989 950
-964 54 -117 973 890 876 985 952
-964 70 -125 973 890 877 984 951
-953 66 -133 976 890 880 984 956
-961 66 -129 970 893 875 989 950
-945 78 -141 979 891 881 984 957
-941 70 -133 974 895 874 984 953
-941 74 -133 971 895 875 991 952
10.050293445587158