1015 -243 43 965 1020 978 960 896
1015 -239 39 963 1023 976 967 898
992 -235 19 968 1020 983 962 900
1004 -239 31 962 1023 974 965 898
1004 -235 31 962 1020 975 962 897
1015 -254 39 963 1023 975 965 896
1008 -247 31 969 1019 981 958 900
1000 -251 43 967 1019 981 962 902
1004 -247 39 970 1019 981 960 901
1000 -243 23 962 1021 976 959 901
1004 -247 31 965 1019 980 959 901
1012 -243 39 962 1023 978 967 898
1000 -247 39 966 1023 974 965 896
1000 -247 31 967 1020 976 961 896
1008 -243 31 962 1023 974 963 897
1000 -239 27 964 1023 974 962 901
1008 -235 31 967 1019 977 961 897
1000 -247 23 969 1018 981 962 901
1008 -243 23 963 1023 974 965 898
1008 -243 27 962 1023 974 965 898
1008 -243 23 966 1023 974 965 897
1004 -251 23 963 1022 976 963 901
1008 -243 19 965 1020 975 967 898
1012 -239 27 963 1023 974 971 899
1008 -243 31 967 1022 981 963 903
1008 -243 35 966 1023 974 965 898
1015 -243 35 962 1023 974 967 898
1015 -235 19 963 1023 974 965 898
1004 -251 23 969 1019 981 963 903
1004 -247 35 962 1023 975 971 899
1008 -239 11 962 1023 974 969 899
1008 -243 23 964 1023 975 969 898
1008 -243 35 971 1018 981 963 901
1012 -243 31 962 1023 974 967 896
1008 -243 31 962 1023 975 967 899
1000 -235 19 971 1020 981 964 903
1004 -243 19 963 1023 975 969 898
1015 -251 31 962 1023 974 967 897
1008 -247 35 962 1023 974 967 899
1004 -247 27 965 1022 977 964 899
1012 -239 27 966 1023 974 969 898
1008 -251 35 970 1018 981 962 901
1004 -243 23 969 1018 977 962 901
1015 -239 23 963 1019 975 964 902
1008 -239 23 962 1021 979 960 905
1008 -235 23 967 1018 981 960 905
1012 -243 31 960 1021 973 962 903
1008 -231 23 962 1022 975 962 901
1012 -243 35 965 1018 980 962 905
1004 -231 31 963 1023 974 962 900
1008 -243 23 963 1023 974 965 900
1012 -247 27 963 1023 974 967 899
1000 -231 0 962 1023 974 964 898
992 -219 15 964 1018 973 959 901
1023 -243 47 963 1018 975 959 900
1000 -266 121 962 1023 974 961 901
1004 -270 133 969 1020 977 954 901
992 -286 133 962 1021 970 957 896
1004 -282 117 963 1021 974 955 899
1000 -278 105 967 1019 977 954 901
988 -286 113 962 1018 976 955 901
992 -274 125 965 1019 976 954 901
992 -258 101 967 1019 977 954 901
1000 -251 105 965 1018 973 955 900
996 -270 133 963 1018 977 956 900
1004 -282 152 961 1018 976 955 903
984 -270 180 962 1023 971 961 898
984 -262 172 962 1023 970 960 896
992 -258 164 964 1018 977 954 901
984 -278 172 960 1023 968 961 896
988 -262 160 963 1018 971 957 899
996 -266 160 967 1019 973 955 898
1004 -262 160 963 1023 971 962 896
1000 -258 176 960 1023 970 959 896
984 -270 184 965 1018 973 955 897
996 -262 180 960 1019 972 954 900
1000 -282 192 963 1023 971 961 896
992 -266 184 962 1023 971 955 901
992 -282 188 964 1017 971 957 898
992 -266 184 960 1023 970 961 896
984 -254 184 965 1018 973 955 897
992 -254 176 960 1021 970 957 895
1000 -254 180 964 1018 972 955 897
992 -262 184 960 1018 976 955 901
996 -254 184 963 1020 973 956 897
996 -254 184 962 1023 970 963 896
1004 -251 172 962 1023 970 961 896
992 -243 176 965 1018 973 954 899
1000 -243 176 960 1023 971 963 896
1008 -243 180 959 1023 971 963 896
996 -243 180 965 1018 971 956 896
1000 -243 192 960 1021 968 957 895
1004 -243 188 960 1021 970 959 895
1004 -247 188 963 1019 975 956 899
992 -239 176 960 1018 973 955 901
1008 -231 184 962 1021 971 959 895
1004 -231 184 960 1021 971 963 896
1004 -227 180 959 1023 971 965 896
996 -231 176 962 1021 970 961 895
1000 -227 176 959 1023 968 961 896
996 -219 164 960 1020 970 957 897
1000 -231 188 962 1021 972 959 895
1000 -231 180 960 1021 971 961 896
1004 -231 184 960 1023 970 964 896
10.688384532928467