1000 -290 15 988 884 869 857 991
1004 -294 11 984 885 864 861 986
996 -282 11 987 886 867 858 989
1000 -290 23 985 886 865 858 989
1004 -282 11 989 886 869 858 989
996 -286 19 988 888 869 861 986
1000 -282 7 984 892 864 861 986
1004 -286 7 989 886 868 856 989
1008 -290 15 991 886 864 861 984
992 -278 7 987 886 866 861 984
1000 -270 15 984 892 864 856 989
1000 -286 23 985 889 865 856 988
1004 -282 15 989 886 868 856 988
996 -278 3 984 892 864 861 984
1000 -278 15 987 886 865 856 987
996 -274 11 989 886 869 856 989
996 -274 11 985 886 865 856 985
1000 -282 7 983 888 863 857 984
1000 -278 19 989 884 868 856 989
1004 -290 23 988 884 865 856 987
1004 -282 11 982 889 863 858 984
1004 -290 11 985 886 867 858 989
1004 -286 7 984 893 864 856 989
1000 -278 7 989 888 869 856 989
1000 -282 11 985 889 865 859 984
1000 -282 15 984 889 864 859 984
996 -262 3 989 886 868 856 989
1004 -290 7 984 887 864 861 984
1004 -274 11 989 888 869 858 989
1000 -282 15 984 891 864 860 984
996 -282 15 989 886 869 856 989
1004 -282 7 989 886 868 856 989
1008 -290 15 989 886 869 856 989
1000 -282 3 991 888 869 856 989
1008 -278 23 985 893 864 862 986
996 -278 15 991 886 871 856 989
1008 -286 15 989 886 867 856 988
1000 -286 11 988 888 869 856 989
1000 -278 3 984 887 864 857 986
1008 -282 19 988 886 868 856 989
1004 -282 19 991 888 868 859 988
1004 -278 15 984 890 866 859 988
996 -266 3 983 887 866 860 988
992 -270 3 982 891 864 863 988
1000 -278 7 989 886 870 858 993
996 -266 -3 982 889 865 856 993
1004 -278 3 985 885 869 859 991
1000 -290 15 982 893 866 862 987
1000 -286 11 984 891 866 863 986
1004 -286 3 985 886 865 858 993
1004 -282 3 985 886 865 858 993
992 -262 -15 982 892 864 861 990
1004 -278 -3 982 889 863 858 993
996 -290 -7 988 888 869 858 996
1000 -282 -11 987 886 866 858 992
1004 -278 -31 985 886 865 858 995
1000 -274 -19 988 886 868 858 997
1012 -266 -31 982 887 865 858 997
1000 -258 -11 984 893 866 864 992
1012 -266 -15 984 887 866 860 992
1012 -243 -39 984 893 864 865 992
1008 -251 -7 982 888 865 858 995
1004 -298 11 984 895 866 865 994
1012 -258 74 984 893 868 859 997
1015 -262 82 984 893 864 863 990
996 -254 70 983 890 865 861 993
1000 -235 54 984 893 864 866 992
1012 -258 94 982 893 864 865 994
996 -239 66 988 888 869 858 996
1008 -254 74 988 890 869 859 996
1012 -258 82 982 893 871 858 997
1015 -258 74 985 888 869 858 996
1012 -258 82 980 893 864 863 991
1004 -266 86 989 890 871 858 997
1004 -254 78 981 892 866 865 997
1008 -258 78 981 891 866 863 994
1000 -258 78 983 891 869 859 997
1004 -251 86 985 890 871 865 992
1008 -254 86 982 895 864 865 994
996 -251 86 980 893 866 865 992
1012 -258 86 985 888 868 859 993
1012 -251 74 985 888 868 859 997
1008 -262 90 981 890 868 862 993
1008 -254 82 982 889 863 863 994
1012 -251 78 985 888 865 859 992
1004 -251 90 983 888 869 861 995
996 -254 90 983 888 865 861 997
1012 -258 90 981 889 866 863 994
1004 -258 86 982 893 868 859 995
1008 -262 78 983 888 865 861 992
1012 -266 86 985 888 869 858 996
1000 -258 82 985 888 869 859 993
992 -258 82 989 888 869 858 996
1000 -251 78 985 888 868 859 993
1000 -254 94 985 888 871 858 997
1000 -247 66 988 888 869 859 996
1000 -251 101 980 892 864 861 991
1008 -251 98 988 888 868 859 995
1004 -254 98 985 888 865 860 992
996 -251 70 989 888 869 859 995
1012 -266 90 989 888 867 860 993
992 -251 82 985 890 868 859 993
1004 -258 90 983 891 863 861 993
1012 -262 109 989 890 869 858 997
1000 -258 94 983 889 864 864 997
996 -262 94 988 888 869 858 995
1004 -266 121 981 891 866 859 996
1008 -270 125 981 892 864 865 994
1004 -274 117 981 889 866 863 991
1000 -266 109 984 895 864 865 992
1000 -258 101 980 890 866 860 995
1000 -266 121 985 890 868 860 993
988 -321 125 980 895 866 865 996
996 -317 137 980 895 866 867 992
984 -313 117 983 890 865 863 990
10.025733709335327