941 -431 223 976 887 856 1001 840
933 -443 227 981 884 857 1001 843
933 -427 239 976 889 856 1001 840
941 -435 227 978 889 857 1005 840
937 -427 223 978 889 858 998 844
949 -427 239 979 887 858 999 839
937 -427 235 985 886 861 996 844
941 -419 231 985 883 861 998 843
929 -423 231 980 884 857 998 839
937 -427 231 985 886 861 998 844
941 -423 227 982 889 857 1005 838
937 -435 227 985 882 860 1002 841
941 -431 231 980 884 861 1000 842
937 -431 239 982 887 856 1004 839
933 -427 235 982 889 856 1008 838
941 -439 239 988 886 861 1003 844
941 -427 231 988 884 863 1000 845
933 -415 219 982 885 859 1002 843
933 -431 239 985 884 858 1002 841
945 -435 235 985 883 860 1002 844
933 -431 231 980 887 858 1007 840
933 -431 235 982 886 856 1003 845
941 -435 247 985 886 861 1002 843
945 -431 235 980 885 860 1002 842
945 -443 247 980 887 856 1005 842
941 -427 243 982 887 859 1002 840
937 -431 239 983 892 858 1008 840
937 -427 231 983 884 857 1002 841
929 -435 239 989 886 861 1002 845
945 -419 219 982 889 856 1005 842
941 -431 239 985 888 861 1002 844
933 -419 239 984 891 856 1002 844
941 -423 254 982 887 860 1005 843
941 -415 247 982 893 858 1009 842
933 -423 258 982 887 859 1003 846
937 -439 254 989 886 861 1002 845
933 -427 243 980 889 858 1005 840
945 -435 227 982 888 859 999 845
933 -431 239 982 894 861 1000 848
929 -451 262 982 887 858 1004 842
937 -451 266 988 886 861 1000 845
925 -427 243 985 886 861 1000 847
941 -443 243 985 886 861 1000 847
937 -439 235 985 888 863 1000 848
937 -431 235 982 892 856 1004 842
945 -435 247 979 888 858 998 845
945 -435 251 985 887 860 998 844
937 -415 254 978 893 856 1003 842
945 -411 247 982 890 856 1004 842
949 -419 251 979 889 856 1001 843
945 -427 254 978 891 856 1004 843
933 -431 251 985 886 861 1000 848
929 -419 235 982 894 856 1005 842
925 -435 235 985 888 861 998 845
921 -415 219 980 888 856 998 844
929 -435 223 985 886 860 998 844
929 -439 227 979 889 856 1001 845
921 -415 231 985 886 861 998 845
933 -439 254 979 892 856 1004 843
937 -415 235 979 892 856 1005 843
945 -423 239 982 893 858 1004 847
953 -415 231 979 891 858 1008 843
941 -419 235 979 893 858 1008 845
941 -419 231 985 886 861 998 845
945 -404 223 982 888 861 1000 845
945 -415 235 983 886 859 998 843
941 -415 239 985 886 861 1000 848
933 -400 235 983 889 862 1000 845
941 -419 247 980 893 858 1005 842
941 -415 239 978 891 856 1001 842
949 -427 235 986 888 863 998 845
945 -415 231 982 892 856 1003 842
945 -427 243 980 889 857 999 842
937 -407 231 978 889 856 1000 841
949 -411 215 978 893 856 1001 842
945 -419 235 980 889 856 1004 841
937 -404 231 978 892 856 1001 843
937 -404 235 985 888 863 1000 842
937 -411 235 985 888 861 998 845
945 -400 219 988 893 856 1005 842
949 -396 219 982 893 856 1004 842
949 -423 239 979 892 858 1001 842
937 -411 235 980 893 856 1004 842
941 -400 239 981 887 857 999 841
949 -404 219 978 889 856 999 842
953 -415 227 978 892 856 1004 842
945 -419 235 981 887 857 1001 842
941 -400 235 983 886 861 998 847
941 -419 239 982 893 860 998 844
945 -415 235 983 886 861 1000 842
941 -411 227 982 891 859 998 844
949 -415 227 979 893 858 1001 842
953 -407 231 985 890 861 998 847
945 -419 227 982 894 858 999 845
957 -431 247 982 889 858 1001 842
949 -419 251 985 886 860 998 845
953 -427 247 983 888 859 998 845
937 -404 231 983 888 858 998 845
933 -400 227 983 886 859 1000 848
933 -404 235 983 888 863 998 847
937 -407 231 982 893 856 1005 843
945 -407 235 979 891 856 1001 842
945 -411 223 979 892 856 1004 842
949 -419 235 983 886 859 998 843
957 -407 239 980 892 856 1004 842
941 -407 235 980 888 863 998 848
937 -392 223 980 889 857 998 846
937 -415 227 978 892 856 1005 843
937 -404 235 985 888 863 998 848
937 -407 243 982 888 856 1001 842
937 -407 239 986 889 856 1000 843
949 -419 219 983 887 857 998 843
957 -423 223 982 892 854 1001 842
953 -411 231 980 889 857 999 845
937 -411 235 978 889 856 998 845
941 -400 243 987 886 861 998 847
937 -392 231 978 892 856 999 842
949 -415 235 985 888 861 998 847
945 -404 235 979 889 858 1001 842
945 -392 231 978 893 858 1005 842
945 -411 239 981 890 858 999 844
953 -400 243 984 889 861 995 848
949 -396 231 980 887 856 1001 842
949 -407 243 978 892 856 1003 844
953 -411 239 981 887 859 999 845
941 -411 235 983 888 863 998 848
945 -400 223 987 889 862 996 848
945 -400 223 978 888 859 998 846
945 -404 227 981 886 857 999 843
941 -407 231 983 888 861 995 845
945 -404 239 981 887 857 999 843
949 -404 235 982 893 856 1004 842
945 -407 243 982 892 856 1001 843
941 -400 235 978 895 856 1004 842
953 -419 247 979 893 858 1004 842
941 -407 235 985 888 861 995 847
941 -400 227 979 889 856 998 844
945 -407 243 979 893 856 1001 842
945 -423 243 979 893 856 1003 842
949 -407 231 978 891 856 999 844
945 -407 243 978 891 858 1003 843
949 -407 243 981 889 858 998 846
945 -419 247 979 893 858 1001 842
949 -404 231 983 888 860 996 845
10.044238090515137