984 -290 192 979 883 865 978 999
968 -282 192 978 879 862 981 996
980 -278 184 979 878 861 981 996
984 -282 168 981 878 865 978 999
968 -282 145 979 884 859 985 995
976 -270 133 978 879 861 979 999
992 -290 156 983 878 865 979 999
996 -294 168 978 885 858 985 995
984 -384 247 979 884 862 997 1006
1008 -227 74 982 885 864 999 1006
1019 -223 74 980 878 868 995 1009
996 -251 66 981 879 865 995 1009
1008 -235 62 983 879 868 994 1006
1019 -227 66 982 884 864 999 1006
1031 -223 58 982 884 860 999 1006
1000 -215 50 982 885 862 997 1006
1000 -215 66 983 878 865 994 1009
1023 -235 66 985 878 867 994 1012
1012 -227 62 979 881 862 993 1011
1008 -239 58 983 878 868 995 1013
1008 -215 54 985 879 865 994 1009
1000 -207 47 985 879 865 994 1009
1004 -207 62 988 879 862 995 1006
1015 -215 66 979 885 860 999 1006
1012 -211 74 978 884 860 999 1006
1015 -227 78 985 878 865 994 1009
1015 -219 74 979 879 862 1004 1010
1008 -219 62 978 879 861 999 1010
1004 -215 74 982 883 864 1000 1008
1015 -211 78 978 883 860 996 1011
1012 -215 90 978 885 860 1001 1006
1008 -231 200 978 883 862 997 1006
984 -207 192 980 885 868 992 1009
984 -231 196 978 885 862 997 1004
980 -219 196 982 885 864 997 1006
992 -231 219 988 878 868 992 1009
1012 -243 231 979 884 860 997 1006
1012 -251 235 980 880 860 995 1007
1012 -243 223 979 879 863 995 1006
992 -231 215 983 880 863 992 1009
1004 -239 223 985 879 865 990 1009
1008 -227 211 983 878 865 990 1007
976 -223 196 978 884 862 997 1006
996 -223 192 983 879 867 992 1009
1008 -235 223 982 884 862 993 1006
992 -251 239 987 879 868 992 1011
988 -223 207 985 879 869 988 1004
1000 -227 207 988 878 868 990 1009
1000 -247 200 987 878 867 990 1009
988 -239 188 978 878 865 988 1009
996 -235 207 985 878 867 990 1009
1000 -243 219 978 883 862 993 1004
996 -247 207 979 881 863 996 1006
992 -231 211 979 883 863 997 1003
984 -282 180 983 879 863 989 1005
992 -290 172 978 878 862 989 1004
1000 -294 180 983 876 865 990 1009
988 -286 152 981 878 865 990 1007
992 -282 156 980 883 862 996 1003
996 -305 180 983 875 865 986 1007
1004 -270 121 979 874 865 988 1007
1004 -278 133 980 875 862 991 1004
1004 -278 129 981 875 864 986 1003
1000 -274 125 978 881 862 993 1003
1000 -262 121 978 877 863 993 1006
996 -266 121 983 878 869 987 1009
1000 -274 121 980 883 864 993 1006
1000 -278 125 981 881 862 996 1003
996 -282 121 978 881 863 997 1002
1000 -274 125 985 878 862 989 1005
996 -278 133 981 876 862 989 1003
1000 -262 121 978 877 863 993 1006
1004 -274 121 979 880 864 991 1006
1008 -278 121 978 877 862 989 1006
1000 -274 129 979 876 863 991 1007
1000 -258 129 985 878 868 986 1009
1008 -262 117 978 879 862 989 1004
996 -254 101 981 875 864 990 1007
1004 -258 98 978 877 865 992 1004
1004 -278 125 980 881 862 993 1002
1004 -258 98 978 881 862 993 1003
996 -262 109 983 875 867 990 1009
1004 -262 105 979 883 864 997 1004
1000 -270 113 981 877 864 992 1002
996 -258 109 982 881 864 993 1006
10.017978429794312