992 -380 -23 1012 1023 1018 998 1004
976 -364 -43 1010 1023 1012 999 1007
976 -368 -54 1006 1023 1014 1001 1002
980 -372 -50 1010 1023 1012 1001 1002
984 -368 -27 1013 1023 1015 998 1003
976 -368 -35 1010 1023 1012 1001 1009
976 -368 -50 1009 1023 1013 999 1003
980 -364 -54 1013 1023 1021 1000 1009
972 -376 -43 1012 1023 1015 994 1005
972 -368 -31 1006 1023 1010 999 1000
988 -372 -35 1007 1023 1013 998 1003
976 -368 -39 1006 1023 1008 997 1000
980 -368 -70 1006 1023 1011 994 1004
984 -384 -50 1011 1023 1012 997 1004
988 -380 -35 1007 1023 1010 997 1001
976 -368 -50 1006 1023 1010 1001 1000
976 -360 -54 1007 1023 1011 994 1003
968 -368 -54 1012 1023 1017 998 1004
968 -380 -50 1006 1023 1008 999 1000
968 -368 -58 1006 1023 1008 1001 1000
976 -380 -54 1007 1023 1010 999 1000
984 -384 -43 1006 1023 1008 1001 1000
976 -372 -47 1009 1023 1011 997 1001
968 -364 -47 1006 1023 1007 1001 1000
980 -368 -54 1012 1023 1015 995 1000
968 -376 -50 1007 1023 1008 999 1002
980 -368 -50 1013 1023 1015 995 1008
976 -396 -27 1006 1023 1008 999 1000
972 -384 -58 1009 1023 1010 996 1003
961 -388 -70 1013 1023 1015 994 1004
961 -380 -70 1006 1023 1008 995 1001
972 -372 -94 1007 1023 1007 991 998
964 -380 -70 1009 1023 1011 994 998
980 -345 -66 1003 1023 1006 997 996
992 -368 -66 1006 1023 1006 996 998
984 -345 -78 1012 1023 1007 997 994
984 -356 -70 1003 1023 1006 997 996
984 -356 -66 1004 1023 1007 994 1005
980 -360 -54 1009 1023 1009 991 999
988 -356 -66 1004 1023 1006 992 999
980 -372 -66 1009 1023 1013 992 1001
964 -353 -74 1013 1023 1006 997 995
988 -364 -82 1009 1023 1009 992 997
961 -337 -82 1004 1023 1006 999 999
949 -341 -82 1012 1023 1013 992 1001
953 -329 -94 1004 1023 1009 992 1001
964 -345 -90 1013 1023 1012 992 1001
984 -388 -78 1006 1023 1009 994 999
988 -372 -47 1006 1023 1006 997 996
1004 -376 -19 1007 1023 1007 993 997
996 -364 -3 1013 1023 1012 992 1001
996 -372 -23 1003 1023 1006 999 995
968 -345 -62 1012 1023 1012 994 1003
980 -360 -98 1008 1023 1009 992 1001
976 -349 -66 1008 1023 1012 992 1001
992 -341 -62 1006 1023 1013 992 1001
988 -345 -35 1005 1023 1010 992 1001
968 -337 -47 1006 1023 1007 997 996
984 -341 -47 1006 1023 1007 996 996
988 -353 -39 1004 1023 1009 992 1001
988 -360 -47 1004 1023 1006 999 1000
988 -364 -35 1009 1023 1007 992 999
984 -345 -15 1006 1023 1006 999 999
984 -321 -31 1009 1023 1009 991 999
996 -353 -43 1009 1023 1009 992 999
992 -349 -50 1012 1023 1012 992 999
988 -341 -43 1009 1023 1009 992 999
992 -341 -39 1006 1023 1006 995 996
992 -337 -39 1009 1023 1009 994 1001
984 -353 -39 1009 1023 1013 994 998
996 -349 -50 1003 1023 1013 992 1001
968 -345 -58 1007 1023 1009 994 1000
988 -329 -54 1009 1023 1009 991 999
976 -337 -54 1009 1023 1009 991 997
988 -329 -47 1004 1023 1007 999 995
984 -333 -35 1009 1023 1006 993 996
988 -329 -31 1003 1023 1006 996 994
988 -345 -39 1004 1023 1008 997 995
992 -356 -35 1012 1023 1009 991 1001
988 -349 -35 1007 1023 1006 996 995
980 -349 -23 1007 1023 1007 994 1001
980 -333 -39 1009 1023 1009 991 1001
980 -349 -50 1007 1023 1007 991 999
980 -345 -58 1013 1023 1013 992 1001
984 -349 -47 1009 1023 1009 991 999
980 -337 -39 1004 1023 1007 997 994
992 -333 -43 1004 1023 1006 997 999
992 -345 -35 1006 1023 1004 997 994
984 -329 -54 1012 1023 1012 992 999
984 -329 -54 1009 1023 1009 990 1001
984 -333 -31 1007 1023 1007 997 998
996 -325 -58 1003 1023 1006 999 994
988 -337 -39 1012 1023 1013 992 999
996 -329 -35 1003 1023 1004 996 994
996 -333 -23 1009 1023 1012 994 1001
992 -321 -43 1007 1023 1006 993 996
992 -337 -31 1004 1023 1006 997 994
984 -333 -50 1008 1023 1011 992 999
996 -333 -43 1003 1023 1006 999 999
988 -337 -43 1006 1023 1012 994 999
980 -325 -47 1009 1023 1009 990 997
988 -337 -35 1006 1023 1004 997 994
996 -329 -39 1004 1023 1004 999 998
976 -321 -50 1006 1023 1007 990 997
992 -329 -50 1003 1023 1002 996 994
992 -337 -31 1003 1023 1007 999 998
984 -325 -43 1010 1023 1008 992 998
988 -337 -23 1003 1023 1004 995 994
992 -337 -35 1009 1023 1007 991 999
988 -313 -47 1004 1023 1008 992 999
1004 -333 -31 1012 1023 1012 992 999
996 -356 -23 1002 1023 1003 995 995
996 -337 -27 1005 1023 1006 995 999
992 -353 -15 1003 1023 1003 997 994
961 -329 -31 1009 1023 1009 992 997
996 -329 -39 1009 1023 1008 990 997
992 -337 -39 1004 1023 1004 992 994
988 -321 -43 1003 1023 1006 995 996
980 -309 -47 1012 1023 1009 992 997
984 -309 -39 1003 1023 1003 997 994
992 -325 -39 1002 1023 1006 999 994
992 -341 -39 1004 1023 1002 997 994
988 -325 -39 1003 1023 1006 992 999
988 -325 -39 1004 1023 1009 991 999
992 -325 -27 1009 1023 1012 992 997
996 -321 -50 1007 1023 1007 991 997
988 -321 -50 1002 1023 1002 996 994
984 -321 -35 1004 1023 1009 992 999
988 -329 -39 1006 1023 1009 990 997
988 -321 -31 1003 1023 1002 997 994
984 -325 -43 1009 1023 1009 990 997
988 -321 -47 1009 1023 1009 990 997
1000 -341 -35 1002 1023 1002 997 994
992 -325 -35 1009 1023 1008 990 997
988 -329 -39 1005 1023 1007 991 999
1000 -329 -50 1009 1023 1009 992 999
992 -317 -50 1002 1023 1004 992 994
996 -329 -47 1009 1023 1002 997 994
992 -333 -39 1002 1023 1002 993 994
984 -317 -39 1003 1023 1003 991 996
10.992966413497925