980 -270 -164 969 1019 1023 984 1004
984 -278 -168 967 1019 1023 986 1004
980 -274 -164 962 1023 1023 991 1002
976 -274 -168 967 1019 1023 987 1004
988 -282 -160 962 1023 1023 993 1002
976 -278 -152 967 1023 1023 991 1000
984 -270 -176 965 1019 1023 986 1005
988 -282 -164 965 1022 1023 986 1004
1004 -290 -156 963 1020 1023 991 1000
980 -298 -160 965 1020 1023 986 1001
984 -294 -152 962 1021 1023 986 1001
968 -278 -164 963 1023 1023 991 1000
980 -298 -160 962 1023 1023 986 1005
964 -270 -168 966 1023 1023 989 999
988 -294 -149 969 1018 1023 986 1001
1000 -302 -152 969 1018 1023 984 1005
980 -270 -164 958 1021 1023 989 1000
972 -270 -160 959 1023 1023 989 1001
984 -270 -164 965 1018 1023 984 1004
976 -274 -184 964 1018 1023 984 1001
988 -286 -164 960 1020 1023 985 1000
976 -274 -160 967 1016 1023 984 1001
996 -282 -145 962 1023 1023 991 1000
984 -266 -168 962 1021 1023 988 998
984 -274 -168 962 1021 1023 988 1002
980 -278 -160 964 1018 1023 986 1001
984 -278 -160 969 1016 1023 984 1001
992 -278 -149 967 1018 1023 984 1005
992 -270 -160 967 1018 1023 984 1001
980 -278 -164 963 1016 1023 986 1005
984 -298 -152 965 1016 1023 983 999
1000 -274 -156 967 1018 1023 984 1001
980 -274 -149 963 1023 1023 984 1001
984 -270 -164 962 1021 1023 987 998
988 -298 -156 967 1016 1023 984 1004
980 -274 -152 965 1016 1023 983 1001
988 -270 -160 967 1018 1023 984 1004
988 -270 -160 962 1023 1023 989 998
988 -282 -152 962 1021 1023 991 1000
1000 -286 -152 969 1016 1023 986 1001
980 -270 -160 967 1016 1023 986 1005
961 -262 -164 968 1016 1023 984 1001
992 -278 -152 963 1016 1023 986 1004
980 -282 -156 966 1017 1023 984 1001
984 -286 -152 963 1023 1023 991 1000
984 -286 -145 969 1016 1023 984 1001
988 -282 -149 967 1016 1023 986 1003
988 -282 -149 964 1021 1023 985 997
976 -282 -160 969 1016 1023 984 1003
984 -286 -164 972 1018 1023 985 1004
980 -294 -145 971 1018 1023 984 1003
980 -282 -152 969 1016 1023 982 1001
984 -286 -145 967 1021 1023 989 998
988 -286 -149 967 1016 1023 983 998
992 -286 -141 968 1016 1023 982 999
984 -286 -145 966 1023 1023 989 998
976 -282 -137 965 1021 1023 991 1000
992 -286 -149 966 1017 1023 982 1001
984 -286 -145 966 1021 1023 984 1001
976 -282 -149 969 1016 1023 982 999
992 -282 -145 967 1016 1023 985 1003
992 -286 -141 972 1018 1023 984 1001
988 -278 -137 968 1021 1023 989 995
992 -282 -145 960 1020 1023 988 996
980 -290 -129 960 1017 1023 984 997
980 -286 -149 961 1014 1023 982 1003
976 -286 -141 965 1012 1023 982 1001
984 -282 -149 958 1020 1022 985 1004
988 -294 -156 958 1020 1022 988 996
972 -294 -149 958 1021 1023 984 1001
988 -294 -137 961 1014 1023 982 999
972 -282 -137 959 1015 1023 985 998
980 -286 -149 958 1017 1023 987 1000
992 -286 -149 959 1014 1023 984 1001
988 -282 -149 958 1017 1023 985 999
988 -286 -137 965 1016 1023 989 998
984 -282 -141 959 1014 1023 986 998
996 -298 -133 963 1013 1023 984 1004
992 -290 -137 958 1020 1022 985 998
996 -286 -129 956 1020 1022 989 995
992 -286 -129 957 1013 1023 985 1002
10.88339114189148