980 -392 86 978 895 867 963 971
980 -388 70 981 888 872 958 975
984 -380 66 979 893 867 961 970
980 -368 54 983 890 871 958 973
972 -372 62 978 891 869 959 973
988 -372 74 983 890 871 958 973
972 -380 86 984 888 871 955 973
976 -372 62 985 891 874 958 972
968 -392 62 978 893 867 959 970
972 -400 62 978 895 867 961 968
980 -400 66 978 893 867 959 970
968 -400 54 979 890 867 961 968
964 -407 62 981 890 869 956 969
968 -407 78 983 890 871 955 971
961 -364 74 983 890 871 955 969
980 -376 90 983 890 869 956 967
972 -376 98 978 893 870 961 966
968 -376 90 978 893 867 959 968
984 -372 86 977 890 871 955 972
988 -392 105 978 896 867 961 966
972 -376 74 979 893 867 957 966
964 -376 82 983 890 871 954 969
988 -396 109 983 891 873 955 973
976 -380 82 985 891 875 956 969
968 -388 98 985 892 873 955 973
992 -388 98 978 895 870 958 969
976 -376 101 978 893 870 959 972
972 -376 82 978 890 873 958 970
968 -388 90 978 890 874 958 971
988 -392 109 981 890 873 955 973
976 -384 101 979 890 872 954 969
968 -384 98 982 890 873 954 972
968 -384 109 983 890 873 955 969
972 -384 101 978 895 868 959 973
957 -376 74 978 895 867 957 968
984 -404 105 980 895 870 961 968
961 -384 94 985 890 873 954 969
968 -368 90 983 891 873 954 969
984 -388 117 981 891 872 955 971
968 -368 105 983 890 872 954 971
972 -368 109 981 890 871 955 969
972 -384 117 981 891 869 958 971
980 -376 94 978 895 870 961 966
972 -380 94 978 897 867 961 966
972 -380 109 978 891 872 955 971
972 -380 101 978 897 868 961 966
976 -380 109 981 892 873 954 969
976 -372 86 978 896 867 961 966
968 -392 98 981 892 869 955 966
972 -372 98 978 897 867 961 966
976 -384 117 981 891 871 955 967
976 -368 109 978 895 868 957 966
976 -376 109 981 891 870 955 969
988 -384 98 983 891 874 954 969
972 -380 105 978 897 867 961 966
980 -372 109 983 891 873 954 969
976 -380 113 978 895 868 961 966
964 -368 98 983 890 871 955 969
972 -376 101 982 891 873 954 969
972 -396 121 978 897 870 964 968
972 -380 94 978 897 868 963 968
976 -384 101 978 892 868 957 969
980 -376 109 978 895 870 964 966
961 -380 121 979 897 872 955 969
976 -372 113 979 895 869 961 966
984 -392 117 984 891 876 954 969
976 -384 98 985 890 874 954 969
984 -392 109 985 893 876 958 969
972 -380 117 978 897 870 962 968
961 -376 117 978 897 870 954 969
976 -392 117 979 894 870 957 964
976 -384 105 983 894 876 957 969
964 -388 109 978 895 868 959 966
968 -372 105 985 890 873 955 969
972 -404 137 981 892 868 961 966
972 -388 109 978 895 868 959 968
964 -384 98 983 891 872 955 967
972 -400 117 979 895 870 958 969
968 -384 113 978 897 870 961 966
968 -384 113 977 893 868 957 965
976 -384 129 978 897 867 960 966
972 -380 109 983 890 871 955 969
961 -376 109 978 893 868 957 967
968 -392 113 978 896 870 963 966
984 -392 129 978 897 870 961 966
968 -388 113 979 898 870 961 966
972 -392 109 980 895 873 955 969
972 -380 117 981 892 871 956 967
972 -392 121 983 890 873 955 969
976 -392 117 983 891 873 964 968
988 -400 121 985 894 876 955 972
972 -376 113 978 899 870 964 968
972 -396 129 978 891 875 958 970
972 -384 109 978 897 870 961 966
968 -388 113 979 895 870 959 967
976 -384 113 983 891 871 956 968
964 -368 105 979 895 869 961 966
964 -360 109 978 896 868 959 966
968 -384 129 978 899 867 961 966
972 -376 117 983 894 874 956 969
972 -380 129 978 895 871 960 968
980 -364 125 983 894 873 958 969
968 -372 125 985 891 875 954 969
972 -376 121 981 891 869 957 966
980 -364 117 979 900 869 961 968
964 -372 113 979 895 870 959 966
976 -384 125 978 897 868 964 968
976 -384 129 978 897 868 961 966
968 -372 125 981 892 871 955 967
988 -384 141 981 891 873 955 969
984 -372 121 980 893 870 955 969
972 -376 129 982 893 875 955 969
968 -372 109 976 893 869 955 969
968 -364 105 981 892 870 957 967
976 -376 137 982 892 874 955 969
984 -384 137 980 892 874 954 969
972 -376 117 985 891 873 954 969
980 -376 117 978 897 868 961 967
972 -392 141 979 897 868 961 966
968 -372 133 976 897 868 961 963
976 -368 121 981 899 870 961 962
980 -388 133 978 897 868 961 964
968 -356 109 985 892 875 955 969
976 -380 129 979 894 871 960 965
972 -372 109 979 896 870 961 963
961 -384 125 983 894 873 954 967
980 -376 125 979 892 871 956 965
976 -388 129 976 899 868 961 962
976 -360 109 981 892 872 958 965
980 -360 105 978 897 868 959 963
972 -376 125 976 896 868 958 964
980 -368 121 981 894 876 958 967
980 -376 121 978 900 870 961 962
980 -376 121 981 892 873 958 969
972 -384 125 981 892 873 958 962
964 -380 125 983 894 876 956 967
980 -388 121 976 896 868 959 966
976 -384 101 978 893 868 960 962
972 -380 105 975 897 868 959 966
980 -388 137 981 892 876 958 967
953 -364 172 976 897 868 961 962
957 -356 164 983 892 873 955 967
949 -341 172 983 892 875 956 969
941 -349 184 977 894 871 958 969
976 -349 176 976 896 871 964 966
992 -356 188 983 894 868 964 963
1004 -353 184 976 897 868 959 966
1015 -372 196 978 899 870 964 963
1008 -376 203 980 895 871 958 967
1000 -380 215 978 900 868 961 963
992 -364 227 982 896 875 956 967
976 -353 200 985 894 876 954 967
964 -360 211 976 894 870 957 966
945 -360 215 977 895 869 961 965
964 -345 203 976 898 869 961 962
968 -337 211 981 894 873 956 967
980 -353 207 981 894 873 958 967
996 -337 180 979 894 873 956 967
964 -282 121 977 895 871 959 964
988 -321 133 981 895 870 964 963
1000 -349 156 976 897 870 961 964
1015 -313 152 983 896 870 961 963
1004 -333 164 981 895 874 958 969
1019 -302 156 983 892 875 955 967
992 -290 121 978 894 869 963 967
988 -274 98 978 894 871 960 964
996 -305 105 978 897 868 961 966
988 -298 86 976 899 870 965 962
984 -294 70 976 901 870 964 964
988 -309 90 981 894 875 958 969
976 -298 98 975 899 868 961 964
976 -294 98 979 894 874 956 969
976 -302 101 976 897 870 959 966
10.00455904006958