941 -329 321 977 888 865 955 954
933 -321 309 978 890 863 954 953
937 -325 294 977 890 862 954 954
945 -333 317 981 890 860 956 950
949 -325 305 981 888 863 952 955
949 -333 317 978 889 859 957 952
972 -258 286 978 893 859 957 952
976 -278 309 979 886 863 952 957
968 -270 286 978 887 859 959 954
972 -266 290 983 888 865 952 956
972 -254 290 985 888 865 952 956
961 -262 294 984 888 865 952 956
976 -278 286 976 892 858 957 952
972 -274 294 978 888 860 955 952
972 -266 290 976 888 861 952 953
964 -270 298 975 892 858 957 950
961 -262 294 978 889 860 957 952
964 -270 294 983 886 863 952 956
957 -262 294 976 892 859 957 951
964 -266 298 975 889 862 952 951
957 -274 305 977 889 863 952 953
961 -278 321 981 889 867 952 957
961 -270 329 981 888 865 952 957
964 -258 321 975 893 860 957 952
953 -270 321 981 888 865 950 953
957 -286 333 974 893 859 956 950
964 -282 321 974 893 859 957 950
964 -278 309 980 888 863 950 953
957 -278 321 974 893 861 957 952
961 -266 317 977 890 863 952 952
949 -270 317 980 888 865 950 951
949 -270 329 979 888 863 950 951
953 -274 329 977 888 863 950 951
945 -278 329 974 892 860 953 951
972 -278 337 974 889 860 951 949
961 -270 321 980 888 865 950 953
961 -274 333 980 888 865 950 953
953 -270 349 977 888 867 948 953
957 -266 341 974 893 859 956 950
957 -266 329 979 890 867 952 948
953 -262 325 977 887 865 950 953
945 -282 349 981 888 859 956 950
949 -282 341 974 893 862 956 950
953 -274 337 975 889 861 950 952
949 -278 341 974 892 860 953 950
953 -282 337 977 888 863 950 950
957 -286 333 974 893 859 956 950
953 -294 333 975 888 861 955 949
945 -270 341 980 888 865 952 955
949 -270 345 974 888 865 952 955
957 -270 333 977 888 865 952 953
961 -266 341 977 891 861 950 951
949 -274 341 980 888 865 948 953
957 -278 337 974 893 860 957 950
961 -278 337 977 890 865 950 953
941 -274 329 974 892 862 956 952
949 -274 333 977 889 865 952 952
957 -282 341 980 890 863 950 952
953 -278 341 980 888 865 950 953
941 -274 333 977 888 863 951 953
957 -294 364 975 890 868 950 953
949 -282 353 981 890 867 948 953
941 -270 345 975 893 860 956 950
953 -274 356 975 894 862 953 950
953 -286 349 976 889 860 950 951
957 -278 353 975 893 859 953 948
945 -270 345 974 893 862 953 948
949 -266 333 980 890 867 950 953
953 -274 333 980 888 867 950 957
949 -274 337 975 893 860 956 950
945 -262 321 978 888 865 947 953
961 -270 337 972 889 861 949 950
953 -258 325 980 888 863 950 950
968 -266 333 974 889 859 951 951
957 -278 341 979 888 863 950 950
957 -254 337 975 895 862 955 950
968 -254 333 979 888 863 951 955
961 -254 309 974 893 859 953 950
964 -258 321 976 890 859 951 948
964 -258 325 974 893 858 955 948
949 -262 333 974 892 859 951 948
964 -254 325 975 895 860 956 948
953 -247 313 982 887 865 950 953
964 -262 317 979 887 865 950 956
961 -254 317 974 892 862 953 950
964 -251 337 975 889 863 952 950
961 -247 317 976 888 863 949 953
941 -262 321 978 888 861 950 951
976 -258 333 981 888 865 950 953
961 -254 321 975 893 858 953 950
957 -274 325 976 888 863 949 953
957 -262 329 974 893 859 953 947
957 -262 341 981 890 865 950 953
10.245248079299927