953 -376 274 976 888 865 867 983
953 -349 258 978 888 865 867 985
953 -360 254 974 892 858 869 980
957 -396 274 973 889 860 869 980
957 -380 247 970 893 858 872 982
953 -372 258 976 888 863 867 983
957 -360 262 973 888 864 868 987
937 -349 243 971 893 859 873 982
945 -353 254 970 893 858 873 982
953 -353 251 973 888 861 867 983
961 -368 258 973 887 860 868 982
961 -368 247 973 888 864 866 985
953 -356 251 970 893 859 873 984
964 -360 247 970 893 858 871 982
945 -353 247 970 889 860 866 985
968 -368 258 972 887 859 871 982
964 -368 262 973 888 860 867 982
957 -356 251 970 891 858 871 988
953 -349 251 970 889 859 867 985
964 -411 258 970 895 860 875 978
937 -427 294 975 890 865 870 983
910 -447 329 977 890 865 867 985
961 -345 188 972 890 861 873 981
996 -309 184 971 891 859 871 982
996 -274 207 971 895 866 868 985
992 -266 219 974 893 859 869 983
980 -286 227 977 888 863 870 982
988 -309 223 975 889 860 869 985
1000 -325 247 971 893 858 871 980
1004 -325 235 980 888 865 867 985
988 -313 231 970 891 858 869 980
992 -333 251 970 893 859 875 982
984 -329 254 970 893 858 873 982
984 -325 266 976 890 865 870 985
980 -317 262 977 890 864 870 985
976 -298 254 977 895 859 873 978
961 -290 258 974 893 860 871 979
964 -278 235 979 890 867 867 985
968 -286 231 973 891 862 870 980
976 -294 219 973 888 861 868 982
976 -309 227 970 892 858 869 980
968 -298 211 977 888 863 867 983
961 -313 262 972 891 861 872 984
964 -317 270 971 895 862 876 982
961 -317 254 970 893 862 876 982
972 -329 266 977 895 860 876 979
968 -337 266 975 890 860 871 984
972 -313 251 977 890 863 870 985
972 -321 254 970 892 859 871 984
972 -309 266 979 888 865 867 985
964 -305 274 976 888 865 868 988
964 -305 270 973 888 863 875 985
972 -302 254 971 890 861 871 988
964 -305 243 970 893 859 873 984
961 -317 251 977 888 865 870 989
968 -313 258 970 893 861 876 984
972 -313 258 977 890 865 870 985
964 -313 254 977 890 865 868 985
953 -309 262 980 888 865 867 988
968 -313 258 977 888 863 868 985
968 -317 254 975 892 859 871 983
961 -325 262 976 888 861 870 985
961 -321 266 973 891 863 870 985
961 -317 262 972 889 863 870 986
968 -321 258 977 890 865 868 989
972 -337 254 978 890 865 869 985
972 -317 251 974 895 858 872 982
980 -313 254 977 888 865 867 985
972 -305 247 979 891 865 868 988
972 -298 247 970 895 859 873 984
976 -309 254 970 895 856 873 979
972 -313 258 976 890 863 868 985
976 -313 270 970 895 858 868 985
968 -309 262 977 890 863 870 983
964 -305 258 971 891 860 868 985
976 -298 247 972 890 859 873 984
972 -298 247 976 890 865 871 989
980 -298 262 970 895 859 871 984
968 -302 258 971 891 860 872 982
10.750205516815186