-54 866 321 981 990 1007 968 957
-62 855 325 981 992 1009 968 957
-54 866 321 977 991 1003 971 954
-78 847 325 976 992 1004 968 957
-50 874 325 976 992 1004 968 956
-70 855 313 981 990 1008 968 957
-78 878 309 981 992 1009 968 957
-70 882 309 980 992 1005 968 955
-58 859 325 979 990 1003 969 953
-58 855 325 977 990 1005 967 955
-62 855 337 980 990 1005 970 957
-54 866 329 975 993 1006 973 954
-50 862 337 977 992 1009 968 959
-70 870 321 981 990 1009 966 956
-74 862 325 974 996 1002 971 954
-78 866 317 983 992 1009 968 957
-74 866 321 981 990 1007 968 955
-54 862 329 981 992 1011 970 960
-66 870 325 978 999 1003 973 954
-74 866 329 976 994 1004 969 955
-74 866 321 974 997 1002 973 952
-66 874 333 981 991 1004 972 954
-70 878 325 981 992 1009 968 957
-66 866 333 981 994 1009 968 957
-74 866 321 981 994 1009 970 957
-66 847 321 983 994 1009 970 960
-70 862 317 978 1001 1004 973 954
-70 859 321 976 997 1006 970 953
-62 866 321 977 999 1002 973 954
-66 862 313 981 994 1012 968 957
-62 866 321 974 999 1002 973 954
-78 862 329 981 994 1009 968 959
-78 878 321 974 995 1002 968 954
-66 851 325 974 997 1002 973 954
-70 862 313 980 994 1007 968 955
-74 862 317 974 997 1002 969 954
-66 870 317 974 995 1003 971 955
-70 874 317 977 993 1004 969 957
-70 878 317 974 999 1003 976 955
-70 874 313 974 997 1006 976 954
-66 859 317 975 999 1006 976 954
-94 866 309 974 997 1002 973 952
-82 870 317 975 998 1003 975 952
-70 855 329 974 995 1004 969 953
-101 878 313 975 991 1007 976 961
-82 862 313 978 992 1011 977 965
-90 866 317 981 992 1013 983 962
-78 874 317 977 990 1006 979 963
-86 866 317 974 997 1004 981 963
-86 870 309 977 989 1006 981 964
-70 870 309 977 990 1007 977 967
-78 862 302 974 996 1007 985 968
-94 878 298 974 996 1007 985 968
-86 878 317 975 992 1010 981 970
-66 870 317 981 994 1009 979 973
-86 882 298 980 990 1013 982 976
-66 851 325 974 996 1007 988 971
-98 866 321 977 989 1006 981 972
-66 859 317 978 997 1007 985 978
-74 866 309 977 995 1008 983 978
-82 866 305 976 999 1006 989 978
-78 862 313 978 990 1012 979 981
-62 855 321 981 990 1012 978 981
-78 874 302 975 993 1006 985 975
-74 882 309 981 990 1012 978 980
-70 870 313 977 991 1012 982 981
-82 870 305 981 990 1009 982 983
-86 874 313 980 990 1009 979 981
-66 859 321 981 990 1012 979 981
-70 859 329 976 990 1011 981 983
-90 862 325 974 993 1006 983 978
-66 862 329 983 990 1012 979 983
-78 878 302 980 990 1009 980 981
-94 878 302 981 987 1013 979 983
-54 851 325 974 993 1006 985 979
-62 870 302 981 987 1013 980 985
-90 866 302 977 988 1007 983 979
-58 878 313 976 990 1006 981 982
-70 862 313 975 997 1006 989 982
-82 874 309 978 997 1006 988 978
-74 862 302 976 992 1006 985 986
-58 878 286 975 991 1006 988 986
-58 870 305 977 991 1006 988 986
-70 878 305 981 986 1012 982 991
-86 866 313 975 988 1006 987 987
-58 886 305 975 988 1008 984 989
-58 866 309 977 988 1007 983 990
-66 866 305 975 989 1007 986 986
-70 862 302 981 986 1013 982 991
-74 874 305 977 987 1009 980 988
-78 862 309 976 989 1005 982 988
-66 855 313 981 988 1012 982 991
-74 874 290 981 986 1013 984 993
-66 862 305 981 986 1013 982 993
-86 866 298 975 988 1006 982 999
-62 866 309 980 986 1007 980 995
-66 866 298 981 986 1012 979 997
-82 878 290 974 993 1006 985 994
-58 894 294 974 993 1006 985 992
-74 862 298 974 989 1005 981 996
-70 882 282 977 987 1007 982 997
-78 882 270 975 988 1007 983 995
-90 870 294 981 987 1013 982 999
-74 882 294 981 988 1013 982 997
-82 874 313 974 993 1007 989 994
-86 874 305 974 993 1006 988 994
-82 878 302 981 986 1013 982 999
-78 870 298 974 989 1006 985 994
-82 874 282 974 991 1007 982 997
-86 882 294 976 993 1006 983 993
-70 870 309 981 988 1012 979 997
-82 874 305 981 987 1012 979 997
-62 862 298 974 989 1005 982 999
-82 882 286 977 986 1009 982 999
-62 866 305 980 987 1013 980 997
-54 874 302 975 996 1006 985 994
-78 886 290 981 987 1009 979 999
-62 882 286 981 986 1012 982 1001
-54 882 294 976 988 1007 983 996
-50 874 294 980 993 1003 983 994
-58 870 294 974 991 1003 985 995
10.00353193283081