1000 -47 156 926 1023 958 955 821
1039 -66 152 932 1022 965 950 825
1012 -54 145 926 1022 965 950 824
1012 -58 145 926 1023 958 949 822
1027 -62 145 926 1023 959 949 822
1031 -66 145 927 1023 960 953 820
1008 -90 156 932 1022 967 947 825
1043 -54 133 926 1023 960 953 822
1035 -74 137 931 1019 956 953 820
1000 -54 129 926 1023 958 955 823
1004 -50 105 933 1019 964 946 825
1004 -54 101 930 1023 958 949 822
1000 -43 94 929 1018 959 946 822
1035 -66 98 926 1020 961 946 824
1031 -66 105 926 1023 955 951 820
1012 -47 98 929 1022 961 946 822
1008 -31 94 929 1018 959 947 821
1015 -39 98 926 1023 958 951 820
1008 -50 98 929 1019 961 946 823
1008 -31 86 929 1018 963 946 825
1012 -54 90 926 1023 956 953 820
1023 -78 82 926 1023 956 951 822
1000 -62 70 933 1018 965 946 825
996 -39 54 926 1023 955 951 822
1012 -82 86 926 1019 961 950 829
1027 -101 82 926 1021 958 946 825
1008 -86 39 933 1022 969 954 835
1000 -70 35 932 1022 969 960 828
1012 -105 50 929 1022 967 952 832
1015 -94 19 929 1022 965 952 831
1012 -98 15 928 1023 962 957 828
1000 -90 23 927 1023 962 956 830
996 -74 23 930 1021 963 952 830
1012 -74 15 928 1023 962 956 828
1019 -70 3 928 1023 962 957 827
1019 -82 3 927 1023 962 956 828
1047 -90 7 932 1018 967 950 832
1027 -78 3 926 1023 962 956 827
1043 -101 23 928 1023 960 957 828
1012 -86 19 926 1023 962 953 830
1015 -90 11 929 1019 964 949 829
1015 -74 7 929 1019 963 950 831
1035 -54 3 926 1023 960 952 830
1008 -78 11 926 1023 962 953 828
1023 -82 7 926 1023 962 950 832
1015 -86 35 926 1023 962 951 833
1023 -90 31 928 1020 962 953 833
1027 -98 47 933 1022 967 948 837
1027 -86 35 933 1019 967 947 837
1027 -94 27 928 1023 960 955 832
1015 -86 27 928 1023 960 956 832
1023 -94 23 927 1021 961 949 836
1035 -105 23 933 1018 967 948 837
1019 -86 27 929 1019 965 950 839
1031 -82 27 931 1019 965 950 839
1012 -94 31 932 1022 967 947 840
1019 -78 15 930 1023 962 951 835
1019 -86 23 933 1018 967 948 841
1023 -82 23 928 1023 960 953 835
1023 -94 43 933 1018 967 946 839
1015 -86 39 929 1019 960 951 836
1019 -82 54 929 1018 963 948 839
1015 -66 27 931 1018 963 948 837
1008 -78 27 928 1023 960 953 836
1027 -101 15 928 1023 960 953 836
1019 -82 15 933 1018 965 947 841
1008 -82 31 932 1018 967 947 841
1012 -82 35 931 1018 963 948 838
1015 -98 39 927 1021 960 949 837
1015 -82 23 929 1018 963 948 837
1008 -82 47 929 1020 962 953 843
1008 -86 50 928 1023 960 953 843
1027 -90 50 928 1023 960 953 843
1027 -113 62 933 1018 965 948 852
1015 -101 70 933 1018 967 950 855
1027 -113 70 931 1018 963 950 853
1023 -82 62 931 1020 965 950 853
1027 -98 58 929 1019 965 947 855
1012 -86 50 935 1018 965 947 853
1008 -74 50 934 1019 964 949 854
1019 -90 54 933 1018 967 947 853
1012 -98 47 929 1023 960 953 850
1019 -98 47 930 1023 960 953 850
1012 -98 50 930 1023 963 953 851
1012 -94 50 930 1021 960 949 851
1015 -101 47 929 1021 961 948 854
1023 -98 50 935 1018 967 946 855
1023 -121 66 931 1020 962 950 851
1031 -105 54 930 1021 960 949 851
1019 -105 62 934 1018 967 947 855
1019 -98 54 935 1018 967 947 855
1027 -94 58 930 1021 960 947 852
1027 -94 58 935 1018 967 947 855
1008 -94 54 932 1018 967 950 855
1019 -101 50 931 1023 960 953 852
1015 -105 47 935 1018 967 947 857
10.428426742553711