251 -294 1106 957 889 997 958 972
235 -266 1015 963 890 999 954 977
262 -388 1023 964 888 999 954 976
137 -207 1004 958 890 996 954 973
145 -207 1004 961 890 997 955 976
129 -152 988 957 890 993 955 970
698 -145 745 953 890 988 947 969
631 -90 733 950 893 984 946 969
698 -141 768 956 890 988 947 969
670 -105 753 957 890 989 946 969
666 -50 733 953 890 988 946 968
619 -15 721 950 891 982 948 966
588 -15 749 952 893 986 953 962
584 -70 780 952 897 984 956 966
592 -43 764 955 892 989 948 969
564 -7 753 954 891 986 950 968
545 -90 804 952 895 986 957 968
525 -117 792 956 890 991 950 973
474 -164 839 950 893 986 951 967
470 -192 851 956 890 989 946 969
470 -278 925 956 890 989 946 969
451 -286 933 950 892 982 948 965
431 -298 972 950 893 982 949 966
419 -353 976 950 893 982 951 963
439 -435 992 957 890 988 946 969
435 -455 992 951 890 984 946 964
125 -215 1004 957 894 989 946 972
121 -211 1008 950 897 984 951 966
686 -305 698 951 888 969 938 963
662 -337 717 950 888 971 938 961
647 -349 733 950 893 970 940 959
655 -349 737 950 895 970 937 960
651 -349 745 948 893 970 938 964
651 -376 760 951 888 976 938 964
666 -384 784 948 895 970 941 958
674 -345 780 950 893 970 944 958
172 -290 961 951 890 972 936 961
141 -243 992 950 895 968 944 958
109 -227 1051 951 890 973 938 964
78 -196 1066 949 891 971 936 963
50 -129 1063 951 890 972 936 961
39 -149 1059 951 890 971 937 965
58 -125 1043 947 893 970 941 962
62 -156 1047 948 891 969 938 961
58 -156 1027 953 891 977 938 964
50 -137 1015 953 892 976 937 964
58 -145 1015 953 894 973 938 961
62 -196 1031 947 895 968 941 959
86 -160 1012 951 892 973 938 958
82 -176 1012 951 891 973 938 965
74 -211 1012 953 892 977 936 965
74 -239 1012 950 895 968 940 960
82 -235 1004 952 891 975 936 963
78 -227 992 953 891 973 936 964
90 -251 996 953 891 973 936 964
564 -278 749 948 895 966 940 956
564 -274 776 949 891 972 936 960
560 -298 800 951 891 973 936 964
564 -290 819 950 890 972 934 961
557 -302 811 953 890 971 934 964
572 -333 827 951 890 972 936 963
568 -337 804 948 891 971 936 960
580 -317 792 946 895 966 941 958
549 -376 811 952 890 971 934 961
10.01252794265747