980 -286 215 345 292 286 301 250
976 -282 196 338 283 278 290 240
992 -313 184 337 283 276 291 241
984 -298 176 334 282 275 286 238
996 -290 200 340 287 279 294 253
992 -282 192 338 287 282 293 252
988 -317 215 335 288 280 294 248
992 -349 247 335 287 278 291 250
984 -325 239 336 288 282 294 252
984 -317 227 336 288 280 293 250
984 -290 227 336 288 281 293 250
984 -266 219 330 284 279 290 249
996 -254 200 336 286 280 291 250
996 -196 172 333 287 282 293 252
996 -176 133 333 287 281 293 253
984 -180 113 332 289 282 294 254
996 -223 149 334 288 284 295 250
988 -262 172 335 290 282 292 249
984 -317 192 337 289 279 291 250
992 -376 231 332 287 279 291 251
992 -266 200 332 290 279 293 252
984 -274 215 331 291 280 292 252
984 -294 231 330 291 281 295 252
984 -298 235 334 292 283 295 250
984 -309 243 338 292 285 292 250
988 -317 239 333 290 281 294 252
992 -298 200 335 290 284 294 251
1000 -313 192 336 290 281 294 247
1027 -282 113 334 290 284 294 253
1000 -270 113 335 292 279 290 245
996 -251 149 334 286 278 288 241
1004 -247 215 330 286 280 293 247
1035 -247 258 334 290 281 296 253
1051 -243 313 335 289 282 296 253
1023 -219 317 337 291 282 295 250
984 -235 349 336 289 284 298 272
941 -207 309 334 287 283 298 271
921 -251 309 332 288 282 298 270
898 -266 282 334 289 282 297 269
898 -305 274 332 289 281 296 267
890 -329 282 334 289 283 297 266
894 -368 337 331 285 276 292 260
878 -341 333 332 286 278 290 259
870 -411 415 335 290 285 296 261
855 -435 435 337 289 282 294 263
953 -368 258 348 289 287 294 268
933 -364 227 345 289 286 294 266
929 -368 211 344 286 287 295 275
921 -356 215 341 287 288 295 284
964 -360 341 343 292 290 299 292
961 -313 376 344 293 289 295 292
964 -325 356 345 291 287 295 290
949 -325 305 342 288 287 295 290
902 -294 258 345 293 292 296 287
859 -313 270 337 290 286 295 288
839 -305 290 337 288 284 290 283
855 -282 337 343 293 292 297 287
937 -278 356 341 289 290 296 291
976 -258 345 342 292 293 300 289
1039 -215 353 339 289 289 296 286
1019 -215 368 337 291 289 297 286
992 -188 345 343 292 289 295 286
851 -235 376 337 288 290 295 287
870 -278 396 338 291 289 297 287
1074 -231 329 339 292 291 297 289
910 -149 356 339 292 292 297 288
961 -152 404 341 292 291 297 289
937 -137 384 341 294 293 296 285
945 -168 404 338 290 288 293 283
980 -188 396 341 293 293 296 282
968 -184 407 340 293 293 298 287
976 -200 396 340 293 294 298 286
996 -223 388 341 294 290 294 285
972 -219 380 339 290 289 296 286
957 -211 341 338 292 290 297 287
964 -223 329 342 293 294 300 291
961 -215 313 340 293 293 297 286
980 -219 313 340 294 292 295 285
968 -188 337 341 293 289 295 285
972 -188 345 337 289 289 294 287
976 -180 337 336 292 290 296 287
968 -176 313 338 291 292 295 287
968 -160 286 335 292 288 292 282
957 -156 302 338 295 290 294 284
980 -192 325 336 292 289 293 282
968 -168 294 336 292 292 295 288
980 -188 313 335 293 290 297 287
988 -168 290 338 293 294 298 287
984 -160 274 337 294 294 300 291
988 -156 274 336 292 293 297 289
984 -176 294 338 293 294 297 285
988 -180 262 340 294 294 295 285
976 -180 251 340 294 293 295 285
988 -180 251 340 295 291 295 286
988 -180 243 340 291 291 296 288
988 -180 247 339 295 292 296 285
964 -372 247 341 289 282 296 271
957 -380 270 341 290 285 294 269
964 -384 282 340 290 282 295 271
961 -368 294 342 292 284 297 274
961 -360 294 342 290 284 296 271
964 -349 298 343 291 287 297 275
949 -353 309 340 291 284 296 271
961 -356 294 337 290 282 294 270
957 -353 286 338 290 282 295 270
957 -345 270 335 285 278 292 269
10.791172504425049