949 -290 345 302 378 374 378 328
957 -278 325 295 369 369 373 323
957 -278 317 294 369 364 365 318
949 -278 329 296 371 371 372 321
953 -286 341 297 371 370 371 320
953 -286 341 292 370 366 373 322
949 -282 333 294 366 364 370 321
957 -282 329 298 371 365 368 319
949 -282 349 296 370 370 373 324
961 -278 337 294 370 369 373 323
945 -278 325 295 368 369 371 324
961 -290 313 295 368 368 369 324
968 -286 305 297 371 370 372 322
953 -286 313 296 373 368 369 320
949 -290 325 299 373 369 371 321
953 -282 321 294 371 368 373 323
941 -282 329 296 374 369 372 318
953 -278 337 299 372 370 369 319
953 -278 337 293 368 366 368 320
949 -282 329 293 368 367 369 322
957 -282 325 294 366 368 368 324
953 -282 329 295 370 363 368 320
953 -290 337 298 371 367 367 320
957 -282 325 298 370 366 369 322
949 -278 337 291 366 365 368 322
941 -278 325 296 374 368 374 325
957 -278 345 296 371 371 371 325
957 -278 341 296 373 367 368 323
957 -278 325 296 367 365 369 322
949 -290 325 298 369 366 368 322
957 -290 305 295 368 368 370 326
949 -286 321 294 368 368 369 323
961 -286 325 295 372 367 368 324
949 -286 321 294 370 367 373 324
961 -286 329 297 371 371 373 332
957 -282 333 296 371 371 372 328
953 -294 353 294 366 362 365 318
949 -278 345 296 372 371 369 323
945 -282 337 297 371 367 368 322
949 -286 325 295 370 363 367 321
949 -294 317 295 369 364 371 321
953 -294 329 293 368 368 368 326
949 -298 321 291 367 364 369 324
953 -286 313 292 370 364 369 324
953 -286 321 297 372 367 372 324
949 -274 325 296 372 368 369 321
949 -282 337 297 372 368 368 323
961 -298 345 297 370 367 370 324
945 -282 329 295 372 367 370 323
949 -286 329 298 374 368 370 320
945 -305 337 293 369 365 366 319
945 -286 329 292 369 364 368 319
953 -282 345 297 371 363 368 321
949 -278 341 292 371 366 368 325
953 -290 337 295 369 363 369 325
953 -290 333 296 371 367 373 329
945 -302 325 294 373 366 373 328
949 -278 321 295 373 368 370 323
949 -294 337 296 369 367 371 326
957 -294 337 295 369 366 368 326
961 -290 325 293 368 365 367 326
953 -278 321 295 368 366 369 327
957 -286 325 294 371 364 370 325
953 -290 325 294 369 365 370 327
945 -298 329 295 370 363 368 324
941 -294 333 294 368 364 368 327
957 -298 333 295 370 364 370 327
945 -282 329 297 371 368 371 330
957 -286 337 296 372 367 373 331
949 -290 337 297 372 368 372 334
949 -298 329 299 372 365 366 326
949 -282 333 296 370 365 365 322
945 -298 329 296 369 365 366 321
953 -286 345 295 371 363 369 326
957 -278 345 296 368 365 369 329
949 -286 333 293 369 363 370 327
949 -286 337 297 373 367 373 330
953 -294 329 295 370 364 371 329
949 -290 325 294 371 366 370 330
949 -294 329 295 373 366 373 328
953 -286 337 295 370 366 370 326
957 -298 325 295 373 366 371 325
953 -290 317 295 371 364 371 330
949 -278 321 295 368 365 370 329
949 -286 337 293 368 362 369 327
953 -286 333 294 370 364 371 331
953 -286 341 292 365 358 365 323
953 -286 325 295 371 366 371 331
953 -294 317 295 369 368 371 330
953 -282 313 296 370 367 372 333
933 -290 353 293 372 361 370 327
945 -298 368 293 372 362 367 328
929 -294 372 294 369 361 367 326
929 -305 388 298 375 365 366 324
941 -298 376 294 371 360 367 325
929 -317 388 296 371 360 365 325
929 -317 376 291 370 361 369 325
925 -309 380 293 371 364 370 330
925 -313 392 293 370 361 368 328
921 -317 388 296 369 362 366 328
913 -321 396 295 371 364 371 330
910 -309 419 293 371 362 368 328
917 -309 411 293 371 361 368 329
910 -313 407 291 371 360 368 328
910 -317 423 294 371 360 365 327
906 -341 435 296 375 362 367 326
902 -341 427 297 374 365 371 328
847 -415 478 292 374 361 370 330
847 -415 482 295 378 360 370 330
847 -411 490 293 373 363 369 327
847 -423 478 291 371 360 367 332
878 -423 419 290 374 360 368 330
866 -419 439 291 375 362 370 334
866 -423 427 291 373 363 373 331
882 -439 439 288 371 356 362 319
874 -404 435 290 375 361 367 325
862 -431 443 289 373 361 369 325
874 -439 435 289 372 360 368 326
874 -443 419 292 370 359 365 324
874 -451 396 292 375 364 370 328
921 -302 431 290 373 361 369 329
937 -266 435 291 374 361 370 327
10.164228677749634