1004 -121 145 305 284 390 393 347
1012 -98 145 304 283 384 389 344
1008 -94 152 301 280 385 388 344
996 -94 160 301 282 384 389 347
1000 -94 168 299 283 385 392 347
1008 -86 164 302 283 387 392 348
996 -101 176 303 284 389 391 345
1008 -125 168 304 285 385 389 344
1000 -129 160 302 282 378 388 339
1000 -133 149 300 283 383 387 341
1000 -192 160 302 284 385 392 343
1000 -192 176 304 284 388 388 344
996 -247 254 299 282 385 390 347
988 -247 254 303 286 385 388 343
996 -266 278 304 282 385 386 343
996 -266 282 299 281 381 389 343
996 -258 282 300 282 385 387 345
988 -258 290 300 280 386 388 345
996 -270 286 297 278 380 385 340
988 -239 266 295 279 382 385 344
988 -223 247 300 281 386 389 346
984 -215 258 300 282 382 392 345
976 -200 258 302 284 388 392 351
984 -192 262 303 287 388 395 349
984 -215 266 301 284 385 392 347
988 -211 258 301 282 386 389 347
980 -231 274 302 280 387 390 347
984 -168 254 302 287 389 393 348
988 -164 254 303 286 386 386 344
984 -164 254 304 287 386 389 342
988 -184 247 302 286 383 387 342
1000 -203 254 299 281 383 387 343
988 -223 251 298 282 384 387 340
988 -227 247 302 285 388 392 348
984 -219 266 301 285 385 390 342
984 -227 294 301 286 385 389 344
984 -207 286 301 284 384 391 344
980 -180 270 300 280 380 386 345
988 -196 266 306 284 384 385 345
988 -188 239 302 284 388 390 340
988 -203 247 295 280 378 385 345
992 -200 270 300 283 384 391 345
980 -200 262 300 285 383 390 346
992 -207 258 297 279 380 385 341
992 -196 262 300 284 379 390 345
988 -192 270 302 285 386 391 347
988 -196 262 301 281 381 389 344
984 -200 270 300 286 383 389 347
984 -192 258 302 280 382 387 345
996 -196 262 298 281 380 385 346
988 -188 262 300 284 383 389 345
992 -192 266 300 283 384 388 345
984 -207 251 300 284 385 389 347
988 -207 258 303 284 382 384 344
984 -207 270 302 286 385 389 341
992 -196 270 301 282 383 387 345
988 -192 274 299 282 383 386 347
992 -192 247 301 280 380 385 342
992 -192 258 302 285 386 389 342
988 -192 266 297 281 383 387 344
992 -219 266 302 284 378 387 341
992 -196 266 301 282 379 385 343
996 -192 278 302 284 385 390 347
988 -211 266 299 280 379 383 343
984 -207 262 298 279 379 384 341
992 -196 270 300 283 378 389 341
984 -203 258 304 284 380 385 344
988 -215 262 299 281 381 385 345
988 -200 254 302 284 385 386 347
988 -200 262 304 289 389 393 347
988 -196 266 302 285 384 391 349
988 -184 262 297 284 377 385 347
996 -180 254 303 284 380 384 344
988 -188 251 303 284 379 386 342
996 -192 251 301 281 378 387 341
996 -180 254 298 281 379 385 344
992 -180 247 300 284 379 387 344
988 -168 243 299 284 379 389 342
996 -184 254 300 282 380 386 346
992 -184 254 303 284 384 389 347
1000 -180 251 299 283 379 387 341
992 -180 251 301 284 381 388 345
1000 -176 251 300 285 381 389 346
992 -176 254 302 285 383 389 342
992 -176 251 304 286 383 385 343
996 -172 251 299 283 379 387 344
1000 -203 262 302 283 380 388 344
988 -156 231 301 280 379 382 343
992 -172 262 303 285 384 388 341
992 -168 251 302 284 379 388 341
996 -164 251 304 284 380 385 344
996 -172 247 299 286 380 390 345
996 -160 239 301 286 384 390 345
992 -168 251 302 284 383 388 349
992 -164 243 299 285 382 388 347
1000 -172 251 300 284 379 388 343
996 -164 247 301 283 380 390 345
10.797391653060913