1000 -243 15 351 416 403 404 351
1008 -247 11 338 399 391 389 337
992 -215 11 336 398 388 389 334
1008 -160 3 337 398 389 388 335
1015 -129 15 335 398 387 390 335
1012 -117 47 335 398 386 387 336
1023 -145 98 335 400 388 390 337
1035 -172 137 335 399 386 387 336
1023 -203 149 337 398 389 387 336
1012 -207 145 339 403 391 391 335
1019 -180 133 338 396 386 386 334
1019 -196 133 335 398 387 388 335
1008 -184 101 336 400 388 386 334
1004 -219 98 335 397 387 387 334
1004 -211 70 336 396 388 388 335
996 -239 66 334 399 388 388 335
1004 -274 101 339 401 389 391 339
992 -302 109 335 399 385 387 334
992 -321 117 334 398 386 385 333
988 -353 168 335 399 387 386 336
1000 -360 188 335 399 387 387 335
996 -364 192 335 400 389 389 333
988 -360 180 338 401 389 384 332
980 -349 172 337 395 388 387 335
1004 -321 149 336 397 384 386 331
988 -305 129 335 398 386 386 334
992 -298 101 332 392 383 381 331
992 -302 82 331 393 379 382 327
996 -278 54 336 397 384 384 332
992 -258 54 335 396 384 385 331
1000 -231 82 333 398 387 386 334
1012 -243 117 333 398 384 386 330
1004 -227 133 334 396 385 387 333
1012 -223 145 336 400 387 388 334
1004 -254 192 337 403 386 386 333
1004 -286 121 336 403 389 386 332
996 -262 117 335 400 384 384 333
996 -278 145 334 397 384 384 332
1008 -254 125 329 397 384 386 330
1012 -258 90 333 398 385 381 333
1004 -243 86 332 399 384 384 334
1008 -254 74 332 398 385 385 331
1012 -239 47 332 399 387 386 333
1000 -247 50 336 398 388 385 336
1004 -239 35 332 399 385 385 335
1012 -239 47 331 399 387 384 334
1004 -251 50 333 397 385 385 333
1004 -247 54 332 396 386 387 334
1008 -251 66 331 398 385 388 337
1004 -266 74 335 401 389 391 337
1004 -270 43 336 402 389 384 334
1000 -247 27 336 399 386 383 329
1004 -251 19 334 401 387 386 329
996 -239 3 336 398 384 385 331
1004 -231 7 334 400 387 383 332
1004 -235 15 336 401 388 384 332
1004 -231 27 335 401 384 385 331
1012 -239 54 334 396 385 385 332
1008 -251 82 333 398 387 386 335
1012 -254 101 331 398 385 386 334
1008 -258 117 334 402 388 390 337
1008 -274 105 334 401 388 389 336
1004 -274 70 334 400 387 387 337
1004 -286 58 335 398 388 385 337
1000 -302 39 331 399 385 388 333
996 -286 23 333 400 388 389 333
988 -309 3 334 399 386 385 332
984 -329 7 333 405 390 389 332
1008 -219 98 336 401 389 390 339
1019 -200 125 331 398 383 385 332
1012 -196 137 333 398 387 386 334
1015 -184 145 334 399 388 388 333
1015 -180 145 330 395 384 385 329
1019 -188 141 332 397 385 383 333
1012 -180 117 334 399 389 386 334
1000 -164 105 335 399 384 384 331
1008 -168 121 335 396 385 385 332
1012 -180 133 331 398 385 388 331
1008 -172 152 330 397 385 386 331
1008 -184 168 332 398 386 386 335
1019 -188 156 331 399 385 383 333
1008 -192 141 335 400 389 390 336
1008 -211 145 333 399 389 387 337
1004 -219 121 331 399 385 382 328
1008 -200 109 335 398 384 385 332
1004 -207 105 331 397 386 386 331
1008 -207 109 329 399 384 385 333
1008 -168 113 331 398 387 387 335
1008 -145 141 334 400 389 389 335
1004 -164 160 333 399 382 382 332
1015 -160 160 331 398 386 387 331
1008 -156 156 334 398 386 384 334
1012 -156 156 332 396 388 386 335
1012 -164 149 331 401 388 388 333
1008 -168 152 326 395 384 384 332
1008 -160 145 330 396 384 383 332
1012 -160 152 329 398 384 387 333
1008 -152 156 332 400 387 388 336
1019 -160 149 330 400 388 385 331
1012 -137 137 328 400 389 383 331
1000 -152 149 330 402 387 385 327
1004 -160 156 329 396 384 384 332
1012 -184 152 330 398 381 383 330
1008 -168 164 331 400 388 391 335
1008 -160 172 331 399 385 384 329
1012 -160 184 324 397 383 385 330
10.800347328186035