1008 -243 62 315 294 402 344 232
1004 -235 50 308 290 395 342 228
1004 -239 50 305 287 395 339 226
1004 -231 54 309 290 394 334 223
1012 -231 58 306 289 393 333 220
1008 -239 54 307 288 394 337 223
1008 -239 47 304 288 394 335 226
1004 -243 62 306 288 394 338 225
1015 -243 54 305 288 393 338 227
1008 -235 62 305 288 394 338 227
1004 -270 43 307 291 392 335 222
1000 -243 50 309 293 396 339 226
1008 -251 70 305 290 392 337 226
1004 -251 70 306 289 395 336 229
1004 -247 54 307 291 396 337 224
1004 -258 62 309 290 396 338 234
1000 -247 50 304 290 391 334 228
1008 -254 54 305 291 391 337 230
1008 -254 54 307 290 393 337 231
968 -294 62 306 288 390 335 230
1008 -278 47 304 289 394 334 228
1004 -266 47 305 288 394 333 232
1027 -258 47 302 288 390 335 230
1004 -262 58 304 290 390 335 232
1008 -258 66 306 290 393 337 234
992 -270 74 309 289 391 330 237
992 -282 47 311 293 396 336 235
1004 -317 62 309 292 391 333 232
988 -309 47 309 293 391 335 231
1004 -313 47 308 293 392 336 231
992 -305 58 306 288 392 333 228
1008 -309 58 306 288 390 333 226
988 -294 62 305 289 389 332 226
992 -286 70 311 291 392 330 223
1012 -313 74 306 287 390 334 223
996 -309 70 306 290 393 335 223
988 -309 54 309 290 397 335 223
996 -298 50 308 291 394 337 225
988 -294 50 308 290 392 337 227
1004 -302 47 304 287 388 332 220
996 -321 50 303 289 386 333 221
996 -313 43 304 288 390 335 221
984 -317 43 303 289 388 334 221
996 -329 47 306 288 389 333 220
992 -329 39 308 289 392 336 224
1004 -305 66 310 291 394 334 222
996 -294 62 308 290 392 335 223
996 -290 58 310 291 392 329 223
992 -282 47 307 291 388 336 223
992 -309 47 309 291 391 332 221
996 -321 47 309 291 391 333 219
988 -305 43 307 292 393 336 229
992 -321 62 306 289 392 335 226
996 -321 66 304 290 390 333 226
1000 -321 66 306 287 389 333 225
996 -356 109 307 292 390 334 220
1000 -380 129 306 290 390 334 219
980 -364 113 308 289 390 331 220
1000 -376 117 307 287 391 331 220
976 -353 141 306 288 390 334 220
976 -254 31 303 285 385 322 216
1000 -254 62 309 290 393 327 221
996 -258 47 308 292 392 331 219
1004 -258 43 307 292 390 329 220
992 -258 23 306 290 390 334 221
992 -278 23 309 293 393 332 221
1008 -286 39 307 290 392 331 224
996 -270 19 308 293 391 330 220
996 -290 7 307 292 391 328 221
980 -302 7 306 289 390 330 225
984 -302 11 305 290 388 329 224
1000 -364 47 307 289 389 327 225
988 -333 43 308 290 387 328 226
1000 -305 39 308 289 388 326 226
1000 -286 39 305 289 387 332 225
992 -262 35 303 288 387 329 225
992 -247 35 302 287 382 326 222
1000 -231 23 302 286 384 323 220
992 -203 15 301 288 386 331 224
1000 -192 7 305 289 390 327 226
1012 -215 50 305 288 389 330 227
1008 -219 70 304 290 387 330 226
10.015807628631592