980 -360 47 313 394 395 337 255
1012 -423 35 305 392 392 337 253
988 -364 39 307 393 392 339 251
996 -325 39 307 389 395 335 249
961 -333 70 305 390 395 337 248
988 -349 58 304 387 389 334 245
988 -345 31 304 386 389 333 245
976 -353 -15 310 391 396 339 249
980 -364 -47 304 387 396 334 246
980 -376 -54 308 391 393 338 245
976 -392 -74 310 394 396 338 247
964 -384 -74 309 391 396 338 249
992 -392 -78 308 393 394 339 245
953 -380 -47 305 386 391 333 242
976 -364 -35 305 387 391 332 243
992 -353 -31 309 394 394 339 246
980 -305 -54 311 393 398 339 250
1000 -298 -47 314 393 396 341 277
980 -349 0 311 389 394 339 277
1012 -356 70 313 392 394 341 278
992 -145 66 313 390 392 338 275
1023 -184 121 312 390 394 339 278
1035 -258 160 313 391 396 339 273
1004 -200 101 314 389 394 336 273
1008 -160 90 312 387 393 336 274
1027 -247 152 311 391 391 339 273
1004 -129 86 312 390 393 340 272
1019 -149 70 310 389 390 335 264
1019 -207 70 309 386 392 337 267
1008 -184 23 311 390 391 341 263
1004 -156 0 315 388 398 342 266
1023 -203 7 313 389 396 339 261
1012 -192 -15 312 388 394 339 258
1004 -152 -23 312 389 392 340 257
1004 -109 -31 313 388 394 340 257
1019 -156 11 315 390 396 340 262
1015 -113 23 313 390 396 342 257
1012 -105 47 315 392 401 343 260
1027 -145 74 314 390 398 341 261
1012 -145 31 315 391 390 339 258
1012 -156 15 316 388 386 338 256
1015 -145 7 315 391 399 339 262
1015 -145 39 312 391 394 342 266
1012 -133 39 315 392 398 343 269
1015 -129 66 312 391 393 341 266
1012 -113 78 310 388 394 337 266
1019 -137 98 313 390 394 340 268
1019 -149 78 311 387 393 333 263
1015 -176 66 313 390 395 340 271
1012 -188 62 313 389 396 338 273
1012 -192 47 312 393 395 344 275
1012 -215 39 311 392 395 341 274
1004 -168 27 313 389 397 340 276
1008 -176 23 314 390 395 337 273
1015 -200 54 315 389 389 339 273
961 -309 66 317 391 394 341 233
957 -309 31 314 387 393 335 230
976 -404 50 312 387 391 333 226
933 -415 31 314 385 390 332 223
964 -470 39 314 387 393 336 220
949 -498 47 315 390 394 336 220
921 -486 35 313 391 396 337 218
941 -498 35 311 388 394 336 221
949 -494 39 311 387 391 337 220
949 -490 43 312 387 392 332 215
925 -486 137 314 390 395 334 245
933 -498 129 313 389 391 335 245
925 -486 129 309 386 393 334 246
929 -490 164 313 397 397 340 248
929 -470 172 312 392 394 335 247
929 -462 196 313 391 388 335 247
921 -470 211 312 387 392 334 249
929 -470 196 307 382 387 333 249
921 -482 196 308 383 390 333 250
913 -490 168 311 386 392 335 257
925 -506 172 310 391 392 338 258
917 -502 164 310 389 395 341 258
910 -513 188 312 390 393 337 260
910 -529 211 309 388 386 337 258
913 -525 219 311 391 396 338 256
917 -537 203 312 393 399 337 256
910 -517 200 307 383 387 330 255
921 -506 200 311 387 393 334 257
917 -494 203 312 388 392 336 258
913 -490 207 311 389 390 334 262
917 -486 215 309 388 392 335 260
921 -482 219 310 387 392 336 261
925 -486 207 310 389 387 339 261
917 -502 207 313 392 396 336 261
917 -509 188 313 391 396 339 270
925 -506 172 305 382 379 331 260
925 -498 149 308 388 391 335 271
945 -498 70 311 391 391 337 227
953 -490 98 314 390 393 331 226
957 -486 113 309 385 392 332 225
945 -411 86 311 387 388 331 222
957 -396 70 308 385 384 330 222
953 -372 62 305 381 390 333 222
961 -380 58 309 387 393 334 224
961 -407 78 308 387 392 334 224
968 -427 94 308 387 391 333 224
10.54363751411438