980 635 537 318 394 385 333 231
984 588 478 317 396 384 335 230
1082 596 415 318 399 385 339 229
961 568 333 318 397 384 339 225
1196 58 451 319 402 387 343 195
1176 282 423 318 399 390 340 193
1302 133 560 318 398 389 340 194
1121 317 490 317 400 387 343 195
1063 415 474 318 397 391 340 193
1086 176 592 318 395 385 336 194
964 -94 435 320 398 390 336 206
941 -70 407 317 396 388 335 209
666 -647 129 319 400 385 335 224
608 -431 62 317 398 384 330 221
541 -368 90 313 393 380 329 221
533 -349 152 313 394 381 329 221
604 -286 156 315 395 381 332 220
643 -223 137 318 396 385 332 218
706 -294 254 316 394 384 334 209
839 -121 223 318 396 387 330 206
937 -7 380 315 390 381 322 195
1066 43 494 316 394 383 329 200
1133 329 517 320 399 386 330 199
1219 223 706 320 398 388 332 201
1188 313 717 321 396 383 326 198
1168 458 694 322 398 385 327 199
1106 349 792 315 394 382 331 200
1098 298 788 316 397 382 331 200
933 439 635 315 394 379 325 190
839 525 533 317 395 384 331 201
808 419 517 315 390 382 330 196
827 235 506 314 392 381 331 197
1039 392 443 311 393 380 332 210
780 -549 251 311 394 381 328 242
784 -431 266 312 393 374 325 234
760 -353 247 308 391 376 326 231
760 -298 337 316 395 388 332 225
737 -313 337 315 397 383 334 218
627 -274 298 316 398 384 332 215
811 -176 506 315 400 381 334 210
780 -101 333 319 395 383 332 211
913 152 298 314 395 383 332 212
992 184 435 314 394 382 334 211
1074 141 541 311 392 384 334 212
1106 278 541 314 396 386 334 215
1070 329 596 314 396 383 335 213
1180 266 659 316 398 388 339 215
1133 188 690 313 399 386 336 211
1051 305 592 314 397 385 337 211
1012 192 564 311 391 381 332 210
996 172 537 316 399 387 335 213
953 266 490 316 397 387 334 212
1039 203 557 316 396 386 337 211
1035 145 588 317 396 384 334 211
1035 172 604 315 394 383 335 210
862 207 431 316 395 385 339 210
839 74 341 313 396 385 339 206
808 50 243 315 398 385 339 203
706 54 176 314 394 384 341 205
698 39 192 311 393 383 339 203
698 3 270 316 394 383 338 204
749 -27 337 316 396 386 340 200
788 19 368 309 391 382 334 205
870 66 415 314 398 384 341 210
870 152 435 313 393 383 339 217
925 251 411 313 393 380 333 227
968 294 364 315 394 380 331 239
1015 200 407 315 391 383 330 247
1074 50 447 313 392 380 332 251
1149 -121 447 314 391 380 327 255
1239 -313 396 309 392 376 327 250
1188 -494 266 311 396 380 332 247
1110 -455 156 309 388 378 325 242
1019 -470 149 310 389 380 327 241
992 -509 137 314 395 381 331 240
859 -478 121 313 398 382 334 244
753 -404 133 313 392 378 329 238
659 -356 192 314 392 378 327 239
580 -286 203 311 392 380 327 241
545 -223 243 313 393 380 329 244
584 -203 294 308 390 376 328 242
662 -141 333 315 397 382 332 247
831 -160 349 312 394 377 330 245
910 -94 313 313 393 380 329 244
957 -98 423 311 395 378 328 245
1015 -152 498 311 390 375 324 241
1039 -74 521 313 396 380 333 244
1031 -66 506 313 393 382 329 238
1090 -15 462 314 395 382 330 233
1106 15 455 315 395 383 332 229
1219 -105 588 315 396 385 335 232
1290 -62 627 317 397 380 334 218
1168 125 482 316 397 385 341 213
1106 184 466 318 396 385 339 212
1063 243 368 315 391 384 337 215
925 3 549 317 397 392 343 210
1090 109 533 316 393 390 340 206
1165 215 572 317 394 390 343 205
1239 113 564 316 392 386 336 201
1176 129 513 316 397 392 341 205
1161 262 486 317 396 390 339 204
1145 164 494 315 395 391 340 204
1176 152 466 316 397 390 342 205
1094 137 458 315 395 390 341 208
1070 176 478 315 397 390 342 210
1023 254 494 316 401 388 341 205
945 239 513 316 398 388 346 212
851 239 502 314 395 390 342 211
870 117 506 312 392 385 338 207
796 -7 415 309 388 384 335 206
749 -19 317 312 389 386 338 206
713 7 294 310 390 382 339 205
670 15 298 317 395 385 339 206
690 15 337 317 396 388 344 207
10.01654052734375