961 -411 164 308 284 276 274 346
953 -392 141 312 282 275 276 348
964 -388 141 313 283 278 278 348
976 -392 117 312 283 272 272 340
961 -376 141 311 280 271 272 346
968 -392 156 314 286 278 278 352
957 -396 152 313 286 276 279 350
964 -407 145 312 282 277 276 350
976 -427 164 316 286 278 277 348
957 -404 160 316 285 278 274 347
953 -396 141 316 286 277 276 347
957 -411 141 314 283 274 276 345
957 -407 133 310 284 274 278 348
957 -404 141 308 279 272 274 342
961 -400 160 311 285 277 278 351
968 -407 156 314 286 276 274 344
961 -400 129 316 284 274 275 348
961 -404 133 311 282 273 277 343
964 -392 121 312 284 276 277 350
968 -396 137 311 285 276 280 349
957 -388 129 311 282 276 275 349
957 -411 145 309 284 276 277 349
964 -415 137 313 284 276 276 348
968 -435 149 314 285 278 280 352
964 -423 160 315 288 280 281 350
961 -415 137 316 287 277 275 348
961 -388 125 313 286 277 278 350
968 -407 141 317 284 274 276 350
964 -407 152 316 285 274 277 344
957 -404 156 313 284 278 275 348
953 -419 152 313 284 276 278 348
964 -415 152 311 285 276 279 351
961 -407 137 312 287 277 282 350
957 -407 141 313 288 279 282 354
961 -411 145 312 287 278 280 351
964 -439 172 314 288 279 278 348
953 -415 180 315 287 275 276 349
953 -388 94 312 288 278 282 348
961 -427 129 315 290 279 281 342
957 -427 133 314 287 281 281 345
961 -431 121 315 288 275 280 346
953 -423 117 311 285 277 280 346
957 -411 125 311 285 276 280 344
953 -404 160 311 286 278 279 347
972 -388 188 310 283 272 278 343
957 -392 192 312 288 280 283 351
945 -404 101 312 291 279 279 341
961 -384 90 310 287 278 281 341
964 -380 129 307 286 276 279 341
968 -392 156 308 285 274 275 337
961 -384 152 306 285 277 279 346
980 -396 152 308 288 278 282 344
957 -400 137 311 290 282 281 345
961 -392 105 313 289 277 278 342
968 -411 117 312 286 276 280 340
968 -396 105 307 288 275 281 344
964 -404 129 312 287 279 282 346
957 -400 149 311 287 279 281 346
961 -427 149 314 291 280 282 347
957 -411 137 310 287 276 281 342
957 -407 129 311 287 279 279 349
968 -400 113 310 288 279 282 344
957 -396 105 309 289 277 279 342
976 -407 109 311 288 279 282 346
964 -380 117 308 284 273 278 340
972 -400 149 312 284 277 279 343
976 -423 168 313 289 281 283 344
968 -419 149 314 290 281 282 344
968 -400 109 314 288 281 281 344
961 -368 113 314 289 278 280 345
972 -372 125 312 287 278 280 345
964 -360 133 309 287 278 283 344
961 -376 137 310 284 275 279 342
972 -392 152 314 289 278 281 342
964 -415 176 314 290 283 285 347
968 -423 172 308 285 278 282 343
972 -427 168 312 287 282 281 352
976 -400 160 311 286 280 284 346
949 -400 156 312 288 280 285 344
945 -423 168 310 287 281 283 347
961 -400 196 312 288 279 284 348
964 -384 192 314 288 282 285 351
972 -341 203 315 291 281 282 345
953 -349 192 312 290 281 282 342
10.916587114334106