976 -353 39 308 289 282 379 240
984 -353 31 307 287 282 382 242
988 -368 11 307 288 283 379 242
988 -356 19 304 285 281 378 245
984 -360 19 305 288 281 385 244
988 -356 27 306 288 282 383 242
992 -349 35 306 289 281 384 247
992 -341 35 304 287 279 382 244
980 -356 7 310 288 279 380 243
976 -345 3 306 290 281 382 242
984 -360 27 306 290 282 385 243
992 -364 31 300 284 277 381 242
984 -356 43 305 289 282 382 243
992 -353 35 306 288 282 379 242
984 -341 35 306 289 283 380 243
988 -341 19 306 287 283 382 246
984 -356 3 307 288 281 381 245
980 -345 0 305 287 280 382 245
988 -360 7 304 286 280 384 246
992 -360 31 303 285 278 375 241
988 -349 31 305 288 283 380 242
988 -341 39 311 290 283 379 244
984 -356 15 306 289 284 388 247
996 -353 15 306 290 282 386 249
984 -341 11 308 289 283 385 248
984 -349 19 304 286 282 381 247
980 -364 23 306 287 280 383 245
984 -376 27 304 286 280 380 246
988 -368 27 304 284 277 375 241
976 -364 15 307 286 279 382 243
988 -356 23 308 288 280 379 243
984 -345 43 307 290 279 382 243
984 -345 35 307 288 283 381 243
988 -341 35 307 288 283 383 244
992 -356 23 304 288 282 385 247
992 -372 35 306 290 281 384 244
972 -376 47 304 289 280 384 246
988 -380 39 303 285 281 377 242
980 -376 39 308 291 281 380 244
988 -368 35 306 289 284 388 248
988 -360 27 306 288 283 380 246
980 -353 27 306 289 283 384 244
980 -356 19 306 289 283 386 245
980 -364 58 306 289 283 381 243
968 -380 47 304 287 282 380 246
980 -380 27 302 288 281 384 246
976 -364 47 306 289 283 386 250
984 -368 35 305 286 278 376 243
984 -360 27 306 290 281 378 242
984 -372 43 307 289 282 376 244
980 -368 50 305 290 282 384 242
984 -364 50 304 286 280 378 247
980 -368 58 305 290 281 380 241
976 -368 54 306 290 281 379 243
980 -376 27 304 291 281 383 243
980 -384 39 305 286 281 382 245
984 -372 27 304 289 281 383 249
992 -364 54 303 287 281 378 247
988 -368 62 306 290 283 380 244
984 -360 50 307 287 280 378 245
976 -360 43 304 287 281 383 244
980 -364 43 305 290 282 382 243
984 -376 39 304 289 284 378 245
976 -376 50 304 289 282 382 245
980 -376 62 305 289 284 384 250
976 -380 74 307 289 284 383 251
984 -380 58 304 288 281 384 245
968 -372 47 305 289 283 384 250
984 -380 35 301 287 280 379 246
976 -372 39 302 287 280 380 245
980 -368 43 303 288 279 380 245
980 -360 39 302 283 277 375 243
976 -368 43 305 287 279 377 243
984 -360 54 307 289 279 376 243
984 -372 58 307 291 281 380 244
980 -384 82 304 288 282 381 248
980 -376 70 303 288 281 381 248
980 -380 82 302 286 277 377 245
984 -376 74 306 287 278 377 243
980 -376 66 306 293 283 381 242
976 -364 62 304 291 280 383 242
988 -364 47 302 285 280 379 247
976 -404 62 304 291 282 380 246
972 -404 70 301 286 277 372 242
976 -407 62 305 290 284 375 243
968 -407 54 305 289 286 374 245
968 -407 58 303 291 283 377 247
972 -400 50 301 290 281 379 247
968 -404 62 301 289 278 379 245
976 -388 82 301 290 280 376 245
980 -388 82 303 290 283 378 247
972 -392 78 300 286 280 372 243
972 -396 74 300 287 278 376 245
972 -404 54 304 286 280 375 245
972 -400 43 308 290 281 373 244
972 -400 47 305 291 278 376 245
976 -388 31 305 291 279 375 244
980 -392 35 306 291 279 377 243
972 -372 31 305 291 283 377 242
984 -376 27 306 290 282 372 244
980 -364 27 303 291 282 376 247
976 -376 27 301 287 279 375 242
980 -376 31 306 291 285 383 247
984 -364 3 307 291 282 374 244
984 -364 7 304 289 282 377 250
980 -356 15 302 288 280 374 249
984 -353 23 306 291 279 376 247
984 -349 39 295 277 268 363 239
988 -345 35 300 283 275 372 243
984 -333 31 303 289 280 376 249
992 -329 35 304 288 280 377 248
1000 -305 98 305 289 280 375 249
10.008620262145996