992 -298 58 300 286 282 375 335
1000 -329 70 300 284 283 371 337
996 -329 66 300 287 281 374 336
992 -325 70 301 286 285 376 341
1000 -317 62 300 288 282 375 336
996 -302 62 303 288 285 375 338
1000 -298 47 300 287 284 377 342
1000 -298 50 303 289 285 379 340
992 -282 31 302 288 284 380 341
1000 -282 43 301 284 282 368 333
996 -294 47 299 286 282 373 339
1004 -298 58 299 284 280 372 338
988 -294 66 298 283 282 374 334
992 -313 74 301 287 285 379 338
996 -329 70 302 289 287 377 342
996 -325 54 302 287 284 378 341
992 -305 43 301 287 284 378 340
996 -302 70 300 283 284 379 338
996 -298 113 302 289 286 378 337
1000 -305 98 305 288 286 378 333
996 -317 86 301 286 282 375 334
976 -294 62 301 285 282 374 331
1000 -321 70 305 287 281 378 335
992 -345 86 301 284 282 376 336
992 -337 66 301 285 281 378 332
992 -341 70 303 286 283 379 339
988 -345 66 302 286 281 379 335
984 -356 74 302 286 281 379 334
976 -364 54 304 285 284 377 337
976 -364 58 304 287 283 378 336
984 -368 58 304 285 281 376 333
980 -360 54 303 283 282 375 334
984 -360 66 301 283 278 372 327
992 -337 82 302 284 283 376 337
988 -321 105 305 286 281 376 333
996 -286 133 301 287 281 378 333
996 -282 133 301 286 280 375 337
1000 -298 117 303 288 283 380 335
996 -298 113 305 287 285 377 333
996 -321 101 305 289 285 381 333
992 -305 90 306 288 281 375 334
996 -290 90 308 292 289 376 337
996 -298 90 302 288 284 377 335
988 -298 90 304 287 288 379 341
996 -305 94 304 289 286 381 341
992 -294 113 301 286 285 377 335
996 -290 133 304 289 286 375 336
984 -302 149 302 287 285 377 335
996 -329 160 303 288 285 381 335
988 -341 152 302 287 284 377 335
976 -349 137 301 287 282 375 333
992 -341 152 299 286 283 376 330
992 -317 145 302 286 283 377 334
980 -325 149 303 290 286 380 337
988 -309 121 304 288 285 376 335
992 -313 121 303 288 284 378 338
996 -313 125 303 288 285 377 334
996 -302 129 304 290 287 378 332
988 -321 129 303 289 286 377 338
996 -333 117 301 287 280 373 330
988 -321 125 305 289 287 377 340
996 -313 125 304 289 286 376 330
992 -313 129 306 287 282 374 334
996 -274 98 306 290 285 377 332
992 -290 101 303 288 284 374 333
996 -321 94 304 290 285 377 335
996 -321 86 303 289 284 376 336
996 -302 109 306 288 281 371 331
1000 -302 121 304 285 282 373 329
992 -309 82 304 287 281 372 331
988 -321 74 307 288 283 372 334
992 -325 62 305 290 286 375 328
996 -329 70 300 285 281 373 329
996 -294 113 306 289 285 376 332
1000 -290 133 301 288 284 376 332
1004 -270 129 306 289 287 378 337
996 -282 133 306 290 284 372 328
1000 -298 117 305 287 282 372 329
996 -270 105 304 287 285 374 335
1000 -274 113 302 288 282 375 329
996 -278 113 305 289 286 377 335
996 -286 109 304 290 285 377 330
996 -282 98 306 289 287 375 330
996 -274 94 302 288 283 373 330
1004 -274 101 302 287 283 374 331
1000 -266 117 300 285 282 371 329
1000 -262 133 299 286 282 374 330
1000 -286 149 301 285 284 371 331
996 -298 149 306 290 284 373 325
996 -290 149 307 288 283 371 332
992 -313 129 301 286 282 373 331
984 -337 113 304 287 283 375 330
992 -349 109 304 287 282 372 332
988 -349 90 304 287 284 374 330
988 -368 94 305 288 286 376 337
976 -360 82 304 288 287 373 338
976 -360 86 307 288 282 373 330
988 -360 98 305 287 285 375 332
996 -337 70 300 287 281 371 330
992 -333 74 299 283 282 370 331
988 -313 90 303 288 282 375 328
996 -309 109 302 288 283 374 330
1000 -294 105 304 287 285 373 332
996 -294 117 305 290 286 377 337
996 -282 109 303 288 284 373 331
992 -274 86 306 288 287 373 330
996 -278 86 303 288 283 377 330
1000 -290 74 305 289 285 375 331
1004 -298 74 305 289 286 372 329
1000 -290 66 306 292 287 375 330
1000 -270 86 300 285 283 371 327
1004 -258 78 303 288 286 375 333
996 -262 82 303 285 284 372 330
1004 -274 86 303 288 284 374 332
1000 -278 90 305 290 285 378 330
1004 -282 94 305 288 287 375 336
984 -341 105 303 288 284 373 330
984 -349 101 306 287 284 372 326
988 -349 94 302 285 282 371 328
992 -349 98 304 289 286 373 326
988 -333 105 306 289 288 375 329
996 -329 86 307 287 283 371 331
988 -321 105 308 288 284 372 331
988 -317 113 306 288 283 368 330
996 -305 101 300 287 282 371 328
996 -305 98 302 286 284 374 326
1004 -302 113 303 287 285 373 334
996 -294 109 301 288 286 374 331
1000 -290 113 302 289 284 374 328
988 -309 121 305 290 288 371 324
996 -294 109 306 289 284 370 329
996 -313 117 304 287 282 372 326
1000 -317 90 302 287 283 374 329
1000 -298 86 302 287 283 372 328
10.560746908187866