988 -286 -11 311 406 398 390 308
1000 -305 -23 313 408 398 390 310
1000 -290 -11 314 410 401 395 310
1004 -294 11 313 410 400 393 311
1008 -294 23 315 411 399 389 306
1004 -282 15 315 410 400 392 306
992 -317 0 315 412 398 391 305
988 -329 -11 312 409 397 394 309
1008 -239 -19 315 410 395 390 309
1012 -235 -27 315 408 397 391 318
1000 -282 -35 315 411 395 389 307
996 -286 -50 315 411 394 388 310
988 -286 -66 314 409 397 392 308
984 -349 -94 311 405 392 389 311
972 -341 -70 312 407 394 392 311
976 -341 -15 313 409 395 392 313
980 -329 11 313 407 398 390 308
992 -364 47 314 405 398 391 308
1000 -376 27 317 410 396 386 310
980 -376 7 316 412 395 388 306
980 -372 -3 315 404 395 389 309
980 -360 0 314 408 397 388 309
984 -333 -23 313 406 399 389 310
992 -321 -50 314 408 397 392 308
984 -302 -35 314 408 395 389 308
980 -329 -43 308 403 389 390 311
976 -364 -62 310 404 392 390 309
976 -372 -74 310 404 390 391 312
984 -368 -62 313 405 391 390 311
968 -254 -50 314 406 395 393 312
996 -286 35 316 407 400 391 311
1000 -388 86 313 405 393 391 311
976 -360 -58 310 404 389 385 304
964 -388 -58 311 397 388 389 309
964 -372 -43 313 406 396 394 316
984 -368 -11 313 407 394 393 313
984 -353 -3 312 405 392 393 309
992 -333 -3 312 407 391 392 310
988 -341 -15 311 405 391 389 315
988 -353 -23 313 404 394 390 314
988 -341 -23 314 407 390 394 309
988 -333 -54 319 406 397 391 315
980 -337 -35 319 406 397 392 319
996 -341 19 318 406 392 391 311
984 -329 27 317 404 391 391 313
996 -345 39 318 405 393 390 311
984 -356 15 319 403 391 388 311
984 -345 -7 319 403 389 389 311
984 -356 -15 321 407 390 387 306
980 -356 -43 321 408 395 390 307
984 -345 -43 321 406 396 389 307
984 -345 -7 318 403 393 388 314
1000 -337 31 317 402 394 386 312
992 -341 27 318 404 391 388 308
988 -345 19 322 409 392 389 311
984 -345 3 320 404 398 392 318
988 -360 0 319 408 395 392 313
984 -353 11 318 404 394 389 314
988 -345 19 319 404 398 388 311
992 -341 39 318 408 393 393 313
992 -341 43 319 407 394 391 309
980 -396 -11 316 403 392 389 312
980 -360 -27 314 401 392 390 310
976 -349 -35 313 402 390 383 305
984 -345 -39 317 403 388 385 307
976 -345 -50 312 401 391 394 308
964 -368 -70 317 404 393 391 312
980 -364 -35 312 402 391 385 310
980 -364 -11 315 406 392 390 313
988 -372 -15 317 406 392 388 310
984 -368 -19 317 406 390 385 309
976 -376 -7 308 394 386 383 305
972 -376 -15 318 404 394 389 311
980 -380 -15 314 405 391 390 314
980 -376 -39 313 406 390 390 309
976 -376 -39 312 405 392 389 312
968 -376 -54 315 402 392 389 306
968 -372 -54 314 402 391 388 311
953 -400 -31 316 403 389 386 307
968 -404 31 317 404 389 387 309
972 -396 54 312 403 385 384 304
980 -384 86 308 401 386 388 306
980 -415 101 315 404 386 386 307
10.056155920028687