996 -302 86 307 292 282 378 289
1000 -286 82 309 291 279 378 286
992 -321 94 309 295 285 383 283
992 -313 101 306 293 284 381 288
988 -325 94 305 292 282 383 283
996 -313 98 306 291 284 385 294
996 -313 82 305 290 283 378 286
996 -302 86 307 291 283 382 286
988 -309 82 306 291 284 380 287
996 -298 78 307 292 282 379 282
992 -286 70 305 292 283 375 284
1004 -286 70 306 292 283 383 287
988 -341 109 306 291 281 380 287
972 -341 101 304 290 281 379 286
988 -349 113 305 292 282 383 288
980 -353 105 305 289 282 377 288
996 -345 105 301 288 278 379 286
980 -341 109 308 290 280 379 288
976 -356 125 308 291 284 382 291
988 -356 113 306 291 284 378 290
980 -349 113 308 292 281 375 285
988 -364 129 308 288 281 380 289
984 -356 113 306 290 282 376 288
984 -360 113 304 290 280 376 284
988 -368 125 306 293 282 383 288
996 -305 101 306 291 281 382 287
1000 -309 113 305 290 280 382 286
1004 -313 109 307 290 282 380 288
988 -313 113 310 294 286 377 289
988 -309 98 307 291 282 378 288
1000 -305 94 307 294 284 385 292
1000 -302 78 306 291 282 379 287
996 -309 90 308 290 281 378 288
996 -313 98 304 290 281 378 286
1000 -305 109 304 290 282 380 290
984 -298 113 307 290 282 377 287
996 -309 105 308 293 284 375 292
1000 -313 94 307 291 283 380 288
1004 -321 101 306 295 283 390 290
988 -313 105 308 294 284 383 289
988 -317 105 310 294 284 374 285
1000 -313 82 310 293 280 378 287
996 -313 94 307 291 284 380 290
1004 -305 105 304 293 282 381 287
992 -309 109 309 293 283 382 284
988 -302 113 308 291 284 380 290
996 -309 105 306 288 281 377 287
992 -313 98 307 293 283 382 290
988 -313 98 309 293 286 387 289
996 -313 94 308 294 285 376 284
992 -313 101 309 293 283 378 286
992 -305 101 311 291 279 376 285
996 -305 90 307 291 282 375 285
992 -305 90 304 289 278 376 280
996 -317 94 309 293 284 382 289
992 -317 94 308 293 285 380 294
1000 -321 101 306 292 284 379 291
984 -309 94 307 292 287 380 291
988 -317 101 309 291 281 376 288
1004 -305 101 306 290 279 379 286
988 -302 105 307 290 282 376 289
1004 -302 105 308 289 284 376 290
996 -309 117 305 291 284 380 291
996 -313 109 307 292 282 381 288
988 -325 105 308 293 284 375 282
996 -309 105 299 288 277 378 283
984 -302 94 307 291 282 379 292
996 -309 90 307 292 283 378 287
996 -294 78 308 293 283 377 284
988 -298 82 308 293 286 382 295
992 -305 86 308 293 286 378 288
992 -294 70 309 293 284 378 284
1000 -302 66 308 294 281 377 289
988 -313 82 309 292 280 372 282
992 -321 101 306 291 280 373 282
984 -321 109 308 289 281 378 287
984 -325 113 306 291 281 378 286
984 -313 94 308 292 284 379 290
996 -302 105 308 292 284 379 294
996 -313 101 308 289 282 376 294
992 -305 90 307 288 282 383 291
976 -325 98 306 289 282 382 293
1004 -313 90 307 288 282 381 290
988 -313 78 310 289 280 379 292
1000 -325 98 308 288 280 373 289
1000 -313 90 307 284 278 371 285
992 -317 90 306 285 278 373 287
1000 -313 74 300 285 277 376 287
988 -317 78 310 290 286 381 294
992 -313 74 308 292 283 380 289
996 -302 86 308 290 283 384 289
992 -298 94 309 291 285 381 296
996 -298 86 307 291 284 384 289
1004 -298 66 309 292 284 387 294
1000 -298 62 311 296 285 376 295
1000 -294 62 308 290 284 378 288
992 -286 66 306 290 282 380 288
1004 -298 86 309 287 281 377 283
1000 -286 90 308 287 281 373 290
1000 -294 117 310 288 283 373 288
992 -302 90 309 291 282 378 289
996 -294 82 310 290 285 381 287
996 -305 78 309 291 283 376 288
988 -313 82 309 290 285 375 291
996 -313 74 308 291 284 380 289
996 -302 78 309 291 284 382 297
1000 -278 78 303 287 280 381 286
1004 -270 94 309 292 283 374 288
1000 -270 90 311 290 281 376 290
1000 -254 70 305 288 282 378 292
996 -262 117 309 291 285 386 292
1008 -290 129 309 290 284 383 292
1000 -313 117 309 291 285 379 290
996 -305 113 309 292 283 377 292
1000 -313 133 310 290 281 371 291
992 -313 121 310 287 282 373 288
984 -309 121 306 290 282 377 291
988 -305 125 308 289 282 380 290
1000 -282 121 309 293 285 383 292
996 -286 125 309 291 285 372 285
996 -286 129 312 292 282 372 286
1000 -294 133 312 291 281 378 283
988 -298 137 307 287 282 376 287
10.25403618812561