1039 -90 184 310 284 279 281 348
1015 -125 180 309 287 285 285 351
1023 -101 164 307 284 279 281 345
1008 -117 184 307 284 280 282 353
1012 -94 172 306 287 280 285 350
984 -82 172 309 287 282 284 346
992 -82 137 308 287 283 287 351
1035 -121 133 310 285 284 282 348
1027 -98 149 308 283 278 283 346
1047 -109 192 304 284 279 282 349
988 -372 121 305 282 281 282 351
980 -368 98 304 284 280 282 352
972 -380 94 307 283 278 282 352
972 -384 101 306 281 276 276 340
964 -380 105 304 280 275 275 346
976 -392 105 307 283 280 282 351
972 -372 101 306 282 279 282 351
980 -368 105 304 284 280 283 346
984 -325 101 307 283 276 283 349
1000 -309 74 309 285 280 281 342
1000 -298 94 309 286 282 281 346
1000 -305 105 309 285 279 278 348
1012 -305 94 308 281 278 280 347
1000 -317 98 305 284 276 282 342
1000 -321 105 305 283 276 282 343
992 -317 117 306 283 279 284 345
1000 -329 121 308 282 278 283 345
988 -333 121 304 277 276 278 346
972 -368 168 310 283 277 282 344
964 -364 168 308 281 277 282 340
968 -368 160 310 285 281 283 347
976 -368 160 308 286 279 282 342
964 -349 149 311 287 281 282 344
964 -353 149 309 283 280 283 344
980 -353 152 305 282 277 280 344
972 -360 156 304 282 279 280 347
972 -353 176 305 280 274 279 340
980 -353 196 307 282 279 283 347
972 -337 196 305 284 276 282 342
976 -333 188 306 283 280 285 348
988 -337 192 308 285 281 283 344
988 -321 188 306 284 280 283 346
992 -313 188 307 285 280 285 347
988 -302 176 307 284 281 287 350
988 -302 156 308 285 282 284 341
984 -317 149 310 283 279 279 344
992 -321 145 308 283 277 282 342
996 -329 125 307 284 277 281 345
984 -341 137 308 283 277 281 344
984 -333 141 305 282 277 277 343
988 -305 121 308 283 279 284 346
984 -282 98 307 285 283 283 334
1000 -294 109 305 283 280 284 347
996 -290 105 307 285 280 281 340
992 -294 101 307 285 281 284 339
996 -298 101 307 283 276 282 343
984 -294 101 307 282 276 280 342
1008 -266 129 304 282 279 284 342
996 -262 141 304 283 277 284 347
996 -274 141 304 282 278 284 343
988 -282 137 306 282 280 284 345
996 -278 121 306 283 279 285 344
1004 -286 109 307 284 282 285 345
1000 -274 90 307 285 278 281 347
1000 -274 109 307 282 278 283 341
1000 -302 160 304 283 277 284 348
1004 -309 172 308 283 277 283 344
992 -309 145 306 281 279 285 346
996 -313 109 305 284 279 287 346
992 -313 98 308 286 276 281 340
996 -309 94 308 287 279 283 338
996 -313 94 307 286 280 285 342
992 -266 62 309 286 280 282 343
1000 -270 70 302 281 277 282 336
992 -286 78 304 281 277 282 340
980 -290 90 305 281 278 282 342
992 -325 113 307 283 279 284 339
984 -309 101 309 285 283 285 344
988 -333 125 308 285 283 287 349
988 -325 129 307 285 281 287 349
984 -333 125 308 286 283 290 346
988 -333 141 308 285 282 289 349
1000 -286 86 301 280 274 282 338
996 -305 82 305 285 279 285 350
992 -309 82 303 283 279 285 343
1000 -309 94 303 282 279 284 343
10.047087907791138