533 733 302 330 385 385 379 283
533 733 294 333 385 385 378 283
521 737 302 329 384 386 381 283
513 753 309 331 385 382 378 281
545 706 309 331 385 388 383 280
533 721 313 331 387 387 387 286
529 729 313 331 385 386 383 284
529 737 294 328 379 383 380 287
506 745 298 327 381 384 379 288
490 760 325 330 377 383 377 285
490 764 329 328 381 382 378 286
486 768 337 331 382 388 381 285
478 764 333 332 379 382 373 286
462 764 349 332 379 386 379 285
458 753 356 332 379 383 377 283
455 757 364 331 379 384 374 285
447 729 400 328 379 384 382 286
451 741 384 330 376 387 378 290
435 753 380 329 380 385 381 287
494 733 345 326 378 382 379 285
482 737 329 326 374 386 374 289
502 749 274 326 375 385 377 288
513 741 251 330 377 382 376 285
509 745 243 327 373 382 375 285
517 757 243 326 377 383 379 287
537 772 251 323 372 382 376 283
533 768 243 325 375 381 373 285
517 796 235 331 376 384 375 288
506 792 227 330 372 384 377 286
419 835 262 326 372 383 375 288
372 882 247 327 377 384 380 290
329 878 243 327 375 382 379 288
333 874 223 328 378 383 379 294
321 815 235 329 377 387 381 289
341 839 239 328 378 383 375 286
411 827 286 331 381 386 381 283
380 855 270 326 379 383 379 291
341 874 262 329 376 387 379 290
302 878 258 327 377 384 379 284
278 835 325 327 374 382 378 287
309 808 309 325 376 379 378 288
313 800 321 328 371 383 376 289
305 796 329 326 372 382 377 287
400 804 270 328 371 386 381 288
404 796 278 328 370 382 382 290
396 811 282 327 372 383 376 291
396 804 290 329 368 384 379 288
392 808 298 323 369 377 376 284
392 808 313 323 366 375 371 278
400 788 325 327 370 381 376 286
411 815 282 327 371 382 378 287
419 819 266 327 369 384 376 289
458 780 251 326 369 380 375 289
466 811 227 329 368 382 375 289
462 819 235 331 368 381 373 290
462 796 247 329 367 384 374 292
474 753 251 329 371 380 377 286
486 749 235 330 369 381 375 287
486 768 235 330 370 379 374 287
490 772 251 329 374 381 376 286
502 792 235 329 372 385 377 290
502 792 200 330 372 386 377 285
509 808 180 329 372 385 377 287
572 764 180 329 375 383 382 290
10.204051971435547