898 364 188 275 373 362 362 337
921 317 200 273 374 365 359 336
913 329 192 272 371 364 361 336
917 337 188 274 374 364 360 337
913 341 164 275 373 363 361 336
921 341 160 274 372 363 359 334
902 364 164 269 369 361 358 331
898 364 156 270 371 363 362 336
910 380 180 270 371 363 362 337
910 380 192 271 369 362 361 336
913 380 207 272 371 365 362 337
913 376 211 269 369 363 361 335
917 368 211 268 366 356 351 323
917 337 196 272 372 366 364 342
921 321 180 272 372 366 363 338
906 313 180 273 374 368 365 343
925 313 180 271 372 365 363 338
913 345 172 273 374 367 364 338
910 353 164 267 369 362 360 335
921 353 200 271 371 365 362 336
917 302 164 271 368 363 359 336
921 305 176 275 372 362 360 335
906 305 168 274 375 370 365 338
910 333 172 271 370 365 361 339
906 372 196 274 370 362 360 333
902 380 223 271 370 362 356 331
902 364 231 272 369 361 355 329
913 341 239 270 370 362 359 336
917 317 251 271 370 362 360 336
902 243 356 273 370 364 363 336
898 239 368 271 367 362 358 335
902 239 364 271 368 358 357 330
906 235 364 270 368 362 361 334
898 223 372 274 373 367 365 338
910 223 360 274 374 368 364 337
902 239 349 274 373 367 361 334
921 243 360 273 371 365 362 337
910 243 376 273 371 364 362 335
917 243 376 273 372 365 363 341
910 243 372 272 371 365 362 336
910 239 364 272 373 364 364 339
906 231 372 271 370 364 362 337
913 219 368 271 368 363 358 335
921 223 372 272 369 364 361 336
913 231 356 268 365 360 357 332
921 251 368 274 372 366 363 339
913 243 364 272 368 363 359 335
910 231 356 270 368 362 359 334
910 231 341 273 368 361 357 333
953 247 356 274 369 361 357 334
949 243 356 272 369 364 361 337
945 215 337 271 368 362 360 337
937 180 356 272 369 362 360 336
953 207 329 270 369 362 358 336
961 200 321 273 367 361 359 334
941 203 321 270 368 363 359 335
953 235 239 275 374 366 362 334
941 235 247 273 373 365 363 334
953 219 231 273 371 366 361 335
941 223 200 273 371 365 362 340
964 231 207 273 372 365 364 340
964 227 192 274 368 362 359 334
941 219 164 272 367 361 358 333
961 180 160 272 365 361 358 335
917 192 141 271 369 363 358 336
945 196 113 273 369 360 358 333
972 203 86 272 368 362 360 335
921 368 43 270 370 363 360 336
925 392 66 273 368 360 359 334
929 353 70 273 372 364 364 337
933 345 58 273 370 366 362 335
953 325 35 272 370 365 362 340
941 325 47 270 367 362 359 334
953 313 78 271 366 360 358 336
933 298 98 273 369 359 358 334
937 282 129 273 371 366 363 335
949 309 164 274 372 366 360 333
953 294 152 274 373 369 366 341
953 262 109 273 372 366 365 337
945 262 90 274 372 363 359 334
949 251 86 273 372 367 365 341
945 262 94 271 367 364 360 337
949 286 137 269 368 362 360 335
949 313 145 268 367 361 360 333
961 333 156 272 367 363 358 335
953 333 164 273 368 362 360 332
949 341 113 272 367 360 356 329
937 286 62 273 372 365 363 338
933 298 39 272 369 363 360 337
921 290 39 271 368 364 359 336
937 305 35 271 368 363 360 335
941 337 39 271 370 362 360 335
925 353 54 272 366 363 358 335
937 341 47 272 369 364 361 337
941 333 50 269 369 361 359 334
929 317 58 270 367 358 354 327
949 317 31 269 368 361 358 330
929 317 35 275 370 361 358 335
941 309 31 275 373 363 359 333
937 313 39 273 369 363 362 335
941 313 27 272 368 363 360 336
933 321 19 270 365 359 358 333
949 325 19 274 369 360 359 333
937 317 15 273 369 363 361 336
902 407 -7 272 369 363 360 336
902 396 -7 272 368 363 361 336
906 396 0 274 370 360 357 333
910 404 -11 272 371 365 363 335
917 372 31 272 371 365 363 337
910 392 47 271 370 364 361 336
913 392 43 270 367 363 359 334
917 376 43 275 370 360 359 334
921 345 27 275 372 367 360 334
910 368 23 272 367 363 360 336
917 368 31 270 366 361 360 334
917 353 43 275 372 364 358 332
929 345 47 270 368 362 361 335
929 341 58 272 368 362 360 337
925 353 78 271 369 362 360 336
929 345 98 275 370 360 359 334
925 349 78 274 372 362 358 333
906 415 35 272 371 365 361 334
953 274 117 274 369 361 360 335
925 349 82 273 372 364 359 331
917 400 35 273 371 366 359 333
917 341 66 272 370 363 362 337
961 290 78 271 369 360 360 334
953 305 74 270 368 363 359 334
933 321 82 272 366 362 357 333
957 333 62 271 369 364 361 335
933 349 82 271 367 362 361 335
941 313 109 272 369 364 362 337
945 325 105 273 371 365 362 338
10.023391008377075