1000 215 184 319 272 273 298 245
1000 188 180 327 281 281 307 254
980 168 152 326 279 278 304 251
992 156 145 325 278 278 305 252
984 137 141 325 277 279 302 251
976 125 152 325 278 279 304 251
984 141 129 323 278 278 301 250
996 58 188 328 280 278 303 252
1012 7 156 328 278 277 302 251
1015 23 101 333 282 278 301 248
1043 23 109 329 281 276 300 247
1031 54 109 331 283 279 301 249
992 90 105 329 283 280 305 253
1000 105 54 332 284 281 305 252
996 82 58 330 281 279 302 253
1023 31 66 332 283 278 301 251
1000 31 35 329 281 280 305 255
1000 -3 35 325 278 276 302 250
1004 11 31 331 284 279 301 251
1008 31 43 331 283 281 304 250
992 192 -27 325 279 279 302 256
1000 200 -3 321 277 274 300 253
1000 -156 372 324 282 280 304 259
913 -164 376 322 280 279 302 257
910 -184 404 323 283 279 304 259
949 -200 451 323 278 277 302 256
933 -203 462 320 277 276 300 255
894 -184 482 324 279 276 299 255
882 -223 549 326 285 282 304 257
843 -207 525 327 282 278 303 256
851 -207 533 323 282 279 304 259
984 -3 298 328 284 280 300 259
1004 27 254 325 283 279 300 255
984 35 219 324 284 280 302 257
1004 27 227 319 280 278 301 258
992 7 247 324 283 282 301 255
996 15 243 322 280 279 302 261
992 11 243 321 281 278 302 259
984 -15 172 324 285 279 300 256
1004 11 219 319 278 277 299 258
988 -11 215 323 284 280 301 259
996 -19 219 324 285 281 299 257
996 -15 219 321 282 278 302 261
1012 90 94 325 284 278 300 260
1000 82 90 323 284 281 305 262
1004 94 82 322 284 281 305 262
1008 90 62 320 282 280 303 263
1004 78 78 319 282 278 302 261
1000 58 90 323 279 278 301 260
968 58 78 323 282 278 300 260
1004 74 109 324 283 282 305 268
1023 105 109 323 284 282 304 265
1008 105 109 317 276 277 298 260
1004 113 101 318 279 277 300 261
1008 105 74 322 284 282 304 261
996 117 58 323 283 277 302 261
1000 125 47 323 283 277 301 261
1004 125 47 324 282 278 301 260
996 117 47 324 280 279 301 261
1000 117 43 321 281 281 302 263
1012 109 39 321 282 281 304 264
1019 109 39 322 283 281 304 265
1031 121 47 323 283 282 305 265
1004 117 78 322 284 282 304 265
992 82 94 321 280 278 301 262
996 70 109 318 282 279 301 260
992 74 121 316 279 276 300 260
10.43230938911438