929 31 435 323 358 287 304 271
941 23 447 329 359 287 305 270
937 27 439 324 359 289 308 273
937 31 435 324 358 287 305 272
917 7 423 329 362 289 304 270
937 7 427 327 361 291 307 270
937 7 411 328 361 290 308 274
937 7 411 326 360 290 307 272
929 3 419 325 358 286 305 271
949 11 376 325 358 288 304 266
949 23 356 321 356 285 303 269
949 43 356 328 360 290 308 274
961 78 368 326 358 287 305 272
949 74 376 328 357 287 305 270
949 47 384 329 361 290 305 269
945 35 360 329 362 292 307 271
964 15 376 327 359 290 308 275
961 27 411 325 358 288 307 273
953 -3 443 324 359 287 305 270
949 -11 419 326 356 287 303 271
941 -15 400 331 361 287 303 269
961 -43 419 327 360 289 308 274
961 -54 400 326 359 287 307 272
961 -39 443 328 358 286 305 270
957 -27 431 327 356 287 304 269
961 -39 404 328 360 288 303 268
949 -35 360 327 359 291 306 270
949 -31 349 327 360 290 307 269
964 -35 360 327 360 290 309 271
968 -7 337 330 361 289 304 270
1008 -94 313 324 355 286 304 270
898 -152 407 326 356 288 304 271
890 -125 447 326 358 290 307 273
886 -113 482 326 357 288 306 272
890 -125 494 325 358 289 307 274
941 -180 509 327 359 292 309 277
913 -231 525 319 354 283 304 269
886 -247 517 321 351 285 303 268
913 -254 502 327 359 290 308 276
890 -251 509 328 361 292 310 273
890 -247 494 327 360 290 306 270
913 -247 474 329 361 292 307 271
917 -219 423 328 360 292 311 272
910 -180 423 327 358 290 306 268
933 -145 404 328 360 288 304 269
929 -113 392 329 358 287 303 269
925 -164 462 326 358 290 307 274
937 -152 431 325 357 289 307 273
945 -164 423 326 358 290 306 270
933 -152 415 326 359 289 306 269
921 -137 407 326 359 290 309 273
894 -109 431 327 360 289 305 268
882 -141 462 328 359 287 302 268
878 -227 525 324 358 289 306 273
898 -294 568 325 357 288 307 272
890 -337 576 327 359 287 302 270
917 -254 506 325 358 289 307 273
902 -223 482 327 359 290 306 269
921 -176 478 328 361 289 304 270
898 -152 466 329 359 287 304 271
898 -137 466 333 361 289 305 270
910 -180 490 327 359 290 308 276
925 -192 490 324 356 288 305 271
929 -184 435 325 356 289 306 272
929 -164 400 319 353 284 302 270
921 -156 388 326 358 290 307 274
921 -121 353 327 359 289 308 271
906 -101 506 328 357 287 303 269
894 -141 611 325 359 288 307 274
906 -176 659 325 355 288 306 272
925 -117 521 325 353 287 305 269
933 -121 423 322 354 287 305 270
913 -145 353 324 354 287 305 269
898 -129 345 323 354 288 304 272
874 -125 384 326 355 288 306 273
866 -137 439 325 356 289 307 273
870 -117 490 325 357 288 306 272
890 -145 545 325 358 289 307 273
894 -227 631 326 356 288 306 273
894 -274 576 326 356 289 306 273
874 -215 502 322 355 287 306 269
866 -180 490 325 354 286 304 270
874 -129 478 322 355 286 305 269
886 -113 462 322 356 287 305 271
902 -117 482 323 357 285 306 272
906 -113 494 322 354 287 305 270
894 -121 498 324 356 287 306 272
898 -164 517 323 356 287 305 271
886 -180 525 325 355 287 304 270
882 -219 541 324 355 285 301 267
886 -239 533 329 357 287 305 271
882 -200 494 327 357 286 305 270
882 -164 482 326 354 287 305 270
894 -101 451 323 356 287 306 271
906 -58 443 323 355 287 305 272
894 -66 462 324 355 288 305 272
898 -121 470 323 355 287 305 271
910 -121 462 323 356 287 305 272
902 -129 466 324 354 287 304 272
902 -141 474 324 357 287 306 270
894 -172 494 324 355 287 305 272
902 -196 509 324 356 286 305 271
898 -196 509 322 354 286 304 271
898 -196 513 317 350 283 302 268
906 -180 498 328 358 291 309 277
898 -168 490 326 355 289 306 272
953 -7 356 324 356 289 307 274
957 -78 376 323 354 288 305 271
941 -117 427 327 358 288 305 268
949 -145 451 327 359 289 305 268
949 -172 451 326 354 286 305 270
964 -156 388 325 355 287 306 270
945 -152 380 323 354 289 305 271
961 -113 372 324 355 288 306 272
10.015669584274292