968 -211 321 315 263 384 363 217
953 -196 317 312 262 383 357 215
945 -203 341 309 258 382 360 216
961 -254 376 312 262 383 362 217
945 -262 376 314 263 382 361 216
949 -247 341 315 261 384 363 217
964 -262 364 313 263 385 364 218
988 -278 384 318 262 387 368 219
929 -211 325 321 262 388 366 220
937 -207 337 321 263 389 368 220
984 -188 341 324 264 392 369 217
953 -188 353 327 264 389 367 218
980 -196 368 319 261 387 368 217
953 -231 364 322 261 389 366 218
953 -243 349 319 261 383 361 213
980 -251 333 316 260 386 363 218
941 -243 321 320 264 389 369 221
957 -239 313 320 264 390 368 218
976 -243 329 322 267 393 368 218
957 -223 309 321 263 383 364 216
957 -227 333 318 261 384 363 217
976 -223 321 315 261 384 367 218
972 -235 317 318 262 386 365 221
957 -247 317 315 264 385 366 219
972 -235 333 316 262 382 363 219
972 -235 333 318 262 382 364 217
961 -243 341 316 261 383 360 214
961 -243 337 314 262 380 359 215
968 -254 356 315 262 384 365 221
976 -121 270 319 266 378 356 225
972 -105 282 316 264 377 356 224
1004 -149 341 317 266 377 354 224
988 -105 278 316 264 376 355 224
980 -125 278 313 262 375 356 224
1008 -235 203 311 265 377 356 225
1015 -223 188 311 265 377 355 225
976 -251 247 312 266 377 357 227
984 -278 243 310 265 376 354 226
953 -251 243 311 266 375 356 226
913 -231 251 312 266 377 357 228
949 -239 227 309 264 376 353 222
1031 -243 258 314 268 379 355 223
976 -203 333 314 264 374 352 224
933 -156 368 310 264 375 354 225
1039 -172 376 314 266 380 358 225
1004 -247 407 314 268 380 355 222
1015 -254 376 315 267 377 353 223
996 -231 305 312 264 376 354 224
972 -200 251 316 270 380 356 223
1000 -215 160 311 265 374 353 225
996 -203 164 310 266 377 353 227
1000 -211 156 311 265 376 353 226
1015 -235 180 312 266 376 355 227
1000 -243 196 314 268 378 356 229
1000 -215 196 311 266 376 353 227
1000 -188 180 312 267 377 355 229
1000 -172 192 314 269 379 358 230
996 -188 203 314 269 379 352 224
996 -156 180 316 267 375 349 224
961 -172 188 312 263 371 349 223
1012 -156 149 313 267 374 349 223
988 -207 239 316 269 376 351 224
1015 -200 251 315 266 374 351 225
1000 -200 278 313 265 375 353 226
1000 -156 258 310 265 376 353 225
1012 -105 243 314 266 377 355 228
992 -74 231 312 267 376 354 228
1008 -98 243 311 267 375 353 227
1004 -129 235 313 266 376 354 227
1012 -160 231 314 268 379 355 228
992 -164 203 311 263 375 351 226
1004 -207 203 315 269 377 352 224
984 -196 200 312 266 376 350 225
1000 -196 196 312 266 376 354 227
1004 -203 223 314 268 379 356 229
1000 -176 251 314 267 378 354 228
996 -160 262 314 269 380 357 232
1004 -164 290 312 268 378 355 227
1004 -149 278 315 270 377 352 224
996 -156 262 314 265 375 352 227
992 -164 247 311 265 372 347 221
992 -172 215 314 265 372 349 223
1012 -211 243 312 266 375 354 227
1008 -215 254 311 266 375 352 226
996 -196 258 313 267 374 350 222
1008 -164 243 317 270 377 351 226
984 -160 247 317 268 374 350 228
984 -156 235 313 264 375 350 227
984 -152 219 312 265 374 351 226
992 -125 243 312 268 375 353 228
10.124759912490845