172 -180 1012 295 283 292 302 296
176 -203 1004 298 284 293 300 297
196 -188 984 298 284 292 300 297
200 -168 988 289 275 282 286 284
180 -176 1015 296 281 289 297 293
243 -203 996 299 282 289 297 293
251 -203 980 298 282 288 295 292
247 -203 976 298 281 291 298 294
239 -200 996 296 285 293 300 293
247 -196 980 295 282 292 300 295
239 -203 980 295 282 290 297 295
251 -200 964 294 282 290 298 295
247 -203 972 293 280 289 297 293
247 -200 976 295 282 291 298 294
247 -196 980 295 282 294 299 298
251 -196 984 297 283 292 301 294
247 -203 984 296 282 291 298 294
239 -196 980 296 281 291 297 293
243 -196 972 293 281 290 297 293
243 -203 968 291 278 288 295 292
243 -200 972 298 285 293 300 293
239 -200 980 295 284 291 300 296
235 -196 984 296 284 294 299 293
247 -207 980 299 281 289 296 291
239 -200 972 295 280 290 296 293
227 -200 984 293 280 289 297 292
-74 -207 1008 294 283 293 299 296
-90 -196 1015 294 283 292 299 297
-101 -200 1008 295 283 292 299 296
-105 -184 988 296 284 293 300 293
-109 -184 984 292 280 289 297 294
-109 -196 996 298 282 291 298 293
-98 -196 996 296 282 289 296 292
-78 -200 992 297 285 291 296 291
-137 -219 1000 297 283 294 301 296
-129 -215 984 294 282 290 298 295
-129 -211 988 295 282 291 299 296
-137 -219 992 296 285 293 298 291
-141 -223 992 298 284 289 297 290
-141 -223 996 293 280 290 297 294
-133 -219 996 296 281 292 298 295
-137 -215 980 296 283 292 301 299
-129 -223 992 296 283 294 298 291
-141 -223 984 294 280 288 294 292
-137 -219 996 293 282 290 299 294
-133 -235 992 293 281 291 298 293
-129 -231 988 295 281 291 299 295
-125 -235 976 294 284 292 299 293
-105 -227 976 293 283 289 298 293
-109 -215 980 295 282 290 299 294
-121 -231 996 296 285 292 300 294
-129 -231 996 297 286 292 297 293
-121 -227 988 292 281 289 298 292
-129 -223 980 293 282 289 298 294
-117 -235 972 297 283 293 300 298
-109 -223 980 296 284 294 297 291
-125 -223 984 294 280 289 296 292
-113 -231 980 297 283 290 297 292
-98 -231 992 294 280 290 297 291
-109 -211 1004 298 283 293 299 295
-113 -203 992 293 278 288 294 290
-121 -203 980 295 282 291 299 295
-125 -215 984 296 286 292 297 293
-125 -215 980 295 280 290 298 293
-129 -219 980 294 282 290 298 294
-117 -227 992 294 283 291 299 295
-129 -223 992 296 285 294 300 293
-121 -211 992 296 284 293 299 296
-125 -219 1004 298 284 293 297 291
-121 -211 1000 293 281 288 296 293
-141 -215 992 294 283 290 299 293
-145 -235 1000 294 280 290 298 294
-129 -219 992 292 279 289 296 292
-141 -211 992 296 284 291 297 291
-94 -223 996 290 279 288 295 289
-98 -215 996 295 279 289 297 293
-98 -219 992 298 286 293 297 292
-101 -215 992 293 282 292 298 294
-94 -207 988 295 284 291 300 295
-94 -223 992 295 281 290 299 294
-90 -227 992 295 281 291 299 295
-82 -211 984 294 282 290 298 294
-78 -215 976 296 283 291 299 295
-74 -211 980 298 282 289 296 291
-66 -215 980 298 281 290 297 292
-62 -219 984 293 281 289 297 292
-62 -215 1004 298 285 291 296 294
-66 -203 1015 298 284 292 300 297
10.032383680343628