902 -141 439 302 355 346 324 231
964 -168 427 302 352 344 324 234
925 -215 443 302 352 344 324 234
964 -192 368 301 352 346 324 237
964 -152 360 297 347 341 320 234
964 -168 388 295 347 341 321 233
1000 -188 345 301 354 346 322 233
964 -137 243 303 354 349 328 238
953 -113 231 299 349 342 320 235
1015 -149 266 299 349 343 320 236
988 -90 254 298 349 343 321 237
957 -39 254 298 351 344 321 236
1004 -47 270 304 352 342 320 236
1000 -101 278 298 348 343 320 237
1004 -121 247 295 348 340 319 236
988 -101 207 302 353 347 322 236
976 -82 211 304 354 347 321 234
1004 -70 247 300 352 345 323 237
996 -50 266 302 352 346 322 236
1000 -54 282 302 352 346 323 240
996 -66 251 299 349 344 320 238
992 -90 219 299 350 344 320 237
1000 -98 203 302 350 343 320 235
1008 -105 215 303 351 341 319 237
992 -82 235 299 348 342 320 236
1004 -94 274 299 348 342 320 234
1008 -74 298 305 354 345 319 237
1000 -98 219 304 354 345 318 237
1004 -105 207 306 352 344 319 236
980 -101 207 299 350 344 320 237
1000 -82 211 300 351 344 321 238
996 -98 251 299 350 344 321 237
996 -121 309 298 350 343 322 235
1015 -82 305 300 350 343 321 236
1023 -141 305 301 351 346 322 238
1012 -145 258 300 351 345 322 237
1000 -129 219 301 351 345 323 239
996 -105 203 300 351 345 323 238
1023 -152 258 297 344 337 315 231
1035 -129 247 296 346 342 320 234
996 -66 192 303 351 343 320 234
1000 -27 129 302 349 343 320 235
1015 -58 113 300 346 342 320 237
1000 -54 90 298 348 343 320 237
988 -58 101 300 350 342 320 239
1000 -47 74 299 350 344 320 237
1000 -62 86 302 350 344 317 231
1000 -101 117 299 350 344 321 236
1008 -196 176 303 353 347 324 239
1012 -211 188 301 352 347 324 237
1015 -227 188 303 352 346 322 234
1015 -254 211 303 350 342 319 235
1019 -270 196 299 348 343 320 235
1015 -251 168 299 348 343 320 237
996 -176 101 302 349 344 322 239
1000 -203 117 300 351 345 322 239
1004 -211 113 303 351 347 324 237
1008 -176 133 303 353 346 321 234
1027 -152 152 302 352 347 321 235
1015 -203 160 304 352 347 321 237
1008 -207 125 303 352 346 322 238
1027 -196 82 305 351 344 319 238
1008 -207 105 303 350 345 321 238
1015 -125 141 304 351 344 322 239
1019 -152 121 301 352 346 323 244
1004 -145 94 301 352 345 323 245
1012 -149 86 302 352 347 324 244
1019 -141 101 302 351 347 324 241
1012 -133 105 303 353 345 320 238
1004 -113 125 301 348 343 319 239
1019 -121 152 298 348 343 320 239
1023 -125 180 300 351 344 322 240
1008 -137 192 302 352 347 324 244
1019 -137 184 303 352 345 319 235
1004 -160 172 303 350 342 319 234
1019 -200 149 302 347 345 320 238
1008 -156 133 299 347 344 320 236
988 -137 141 300 349 344 322 237
1027 -113 149 300 350 343 321 238
1004 -94 164 301 351 346 322 238
1023 -125 160 301 349 344 321 238
1019 -152 149 300 350 345 323 238
1004 -168 121 297 344 341 317 235
1008 -168 101 296 343 341 316 234
1004 -141 101 302 352 347 323 239
1008 -121 125 309 354 347 323 239
1008 -90 137 299 348 343 320 237
1008 -70 117 298 348 344 319 237
1015 -133 98 301 349 343 321 238
1023 -215 125 301 350 345 322 238
1008 -235 160 302 351 346 323 238
992 -200 180 304 353 346 318 236
992 -196 211 305 350 343 319 238
1023 -211 262 300 348 344 320 236
1031 -168 270 303 353 345 318 235
1015 -121 262 301 347 343 318 236
1012 -70 188 299 347 345 318 238
1019 -54 113 300 349 345 322 240
1000 -121 105 303 351 348 326 245
1012 -152 109 299 349 345 320 238
1015 -149 125 300 349 342 320 238
1004 -141 141 302 350 347 324 244
1004 -164 172 303 350 347 324 243
1008 -188 184 303 351 347 322 237
1004 -215 184 305 351 343 319 237
1008 -219 176 300 347 341 315 234
1004 -196 133 305 350 343 320 237
1000 -168 141 301 346 343 319 238
1000 -145 141 301 348 345 322 238
1008 -121 141 303 352 347 323 240
1012 -105 152 300 349 343 320 238
1008 -121 168 301 349 343 320 238
1004 -129 168 302 350 347 322 239
1015 -133 168 303 353 345 318 236
1008 -141 176 302 347 342 319 236
1012 -156 184 301 348 342 321 238
1008 -184 176 305 349 345 322 238
1004 -200 164 300 346 339 315 234
1012 -188 168 298 346 343 320 237
1004 -188 168 302 349 344 321 239
1008 -180 160 303 351 348 322 237
1004 -168 176 304 351 343 319 238
1015 -176 200 303 348 341 320 237
1008 -172 203 300 348 343 320 237
1012 -168 184 300 350 345 322 239
1012 -184 164 303 352 349 321 235
1008 -176 129 303 348 344 317 233
1004 -172 133 299 346 338 317 234
1004 -137 145 301 349 345 320 239
1012 -137 164 301 347 345 319 238
1008 -137 196 301 349 346 322 240
1015 -164 200 303 351 346 323 237
1012 -180 184 304 351 348 321 236
1012 -184 152 304 349 342 318 237
1008 -188 145 302 348 342 317 232
1008 -156 129 301 346 340 316 233
1008 -133 137 303 346 343 318 239
1012 -121 160 301 349 345 321 239
1012 -105 172 301 347 344 322 238
1012 -149 172 302 351 347 323 242
1008 -164 156 304 350 347 322 238
1008 -184 137 304 353 345 319 236
1004 -184 137 301 347 342 318 237
1004 -176 149 299 347 344 320 238
1008 -160 160 300 350 345 322 240
1004 -141 188 304 352 345 319 235
1008 -149 211 302 347 342 317 232
1015 -176 211 304 350 343 319 234
1008 -188 176 301 349 344 320 238
1012 -215 156 302 351 346 322 239
996 -141 137 301 350 345 322 239
1019 -129 168 299 348 344 321 238
1012 -125 176 301 349 343 322 240
1008 -141 184 303 351 347 320 237
1012 -176 184 303 351 346 321 236
1012 -196 160 301 350 345 322 241
1000 -176 133 304 353 344 318 236
1000 -156 121 299 347 343 320 237
1015 -156 160 302 346 345 321 240
1012 -125 172 301 345 340 314 235
1012 -125 188 299 345 338 316 234
1015 -188 180 304 351 348 326 244
1004 -180 160 299 347 343 318 237
1012 -192 152 299 346 343 319 237
1012 -184 156 302 348 344 321 238
1008 -152 145 303 350 346 321 236
1008 -145 152 305 351 343 318 236
1039 -23 -7 298 346 343 320 240
1015 -66 15 300 348 344 316 237
1015 -35 -11 300 345 344 320 240
1008 -50 -11 304 349 342 318 239
1019 -54 7 303 349 343 318 238
10.00283145904541