992 -50 294 322 263 368 304 238
996 -39 309 323 265 366 301 234
984 -54 298 324 265 368 300 234
996 -50 262 318 259 364 301 235
996 -50 302 326 264 364 303 237
1000 -66 302 321 261 361 299 236
1000 -66 294 320 259 363 300 236
988 -74 278 320 261 365 302 238
980 -58 262 324 266 365 300 236
988 -62 290 314 256 359 297 233
992 -66 309 322 262 362 299 232
980 -70 309 321 264 367 304 239
996 -156 196 320 262 367 303 238
996 -180 211 319 262 367 303 238
964 -254 262 318 263 367 303 237
980 -305 235 321 263 367 304 238
933 -317 227 319 263 365 303 237
945 -353 251 320 264 365 304 236
949 -364 254 321 264 367 302 233
988 -152 345 322 265 368 304 237
945 23 274 317 261 362 301 234
937 70 266 321 263 364 298 231
949 58 309 323 264 364 299 233
949 19 356 321 265 366 304 235
925 47 235 321 265 365 301 232
968 74 329 320 265 366 305 235
910 70 337 322 266 364 299 235
917 101 364 320 264 366 305 237
902 82 443 322 265 363 300 235
968 -203 290 320 264 365 303 237
949 -196 243 319 263 363 301 236
968 -227 294 321 265 364 304 239
964 -251 329 322 266 367 303 236
984 -251 325 320 264 364 304 238
968 -247 349 322 265 362 300 235
945 -223 356 320 264 363 303 237
953 -211 364 319 264 365 303 238
961 -203 384 322 267 367 303 235
980 -176 388 320 265 364 304 237
972 -164 372 322 266 366 302 234
957 -168 353 322 266 363 301 235
976 -156 317 323 263 360 301 236
980 -141 278 320 262 362 301 236
976 -141 262 317 263 362 301 237
980 -152 262 319 264 364 303 238
984 -172 290 325 264 364 303 236
984 -176 290 317 262 363 300 233
984 -184 266 320 261 362 301 236
984 -192 270 319 260 361 300 236
992 -184 262 319 262 362 300 237
984 -192 282 319 263 363 302 237
976 -141 262 318 263 362 302 237
1070 -270 254 321 264 365 303 239
1023 -251 258 321 266 365 304 237
1000 -290 317 322 266 363 300 236
961 -262 317 319 261 358 298 234
933 -207 317 322 265 365 301 235
929 11 243 318 263 361 301 236
937 -39 290 320 266 364 305 239
968 -227 349 314 258 357 297 234
964 -211 294 319 261 360 301 237
964 -149 278 321 263 361 300 237
957 -129 274 317 262 361 301 235
972 -117 294 317 263 362 301 237
976 -152 317 319 264 362 302 238
968 -145 317 318 264 360 302 238
968 -160 325 317 262 361 301 237
10.509926795959473