-498 -254 910 317 290 276 285 295
-474 -258 894 317 292 275 288 296
-407 -203 843 314 289 276 288 297
-400 -184 843 316 288 277 288 299
-419 -176 866 317 291 275 287 298
-407 -160 886 313 288 277 286 299
-506 -211 874 314 285 278 288 301
-498 -207 870 312 284 277 289 298
-470 -192 843 309 279 274 285 297
-482 -184 851 317 287 276 287 297
-490 -168 843 314 285 278 289 294
-506 -180 862 315 285 275 287 295
-490 -184 870 311 284 274 289 298
-470 -180 859 316 286 275 287 298
-486 -192 851 310 285 276 288 296
-482 -188 847 310 284 275 287 295
-482 -203 859 311 285 275 289 297
-494 -200 870 311 282 272 282 293
-486 -192 862 311 281 271 283 292
-482 -196 862 314 286 279 291 301
-490 -192 847 312 284 276 289 299
-486 -192 866 313 285 277 290 298
-490 -184 866 315 287 279 293 304
-470 -176 859 314 287 277 290 298
-474 -188 859 313 286 279 289 295
-482 -180 859 315 288 275 285 292
-486 -180 859 311 283 274 287 295
-482 -192 859 311 283 276 286 299
-490 -176 859 313 283 277 290 297
-494 -188 870 311 284 276 289 298
-478 -211 859 311 285 278 289 298
-498 -188 847 314 284 275 288 295
-494 -188 839 312 284 276 289 297
-451 -223 866 314 288 279 291 301
-411 -137 847 312 286 278 290 297
-455 -121 859 314 289 282 289 295
-482 -86 870 310 286 278 290 297
-506 -129 913 310 288 278 291 299
-494 -176 957 311 287 280 291 301
-502 -156 910 310 288 279 289 295
-513 -164 878 313 286 277 286 294
-509 -172 866 310 285 275 287 294
-502 -137 855 309 284 277 288 297
-502 -125 870 306 281 269 281 287
-490 -121 878 310 287 278 290 299
-494 -117 870 314 291 281 290 295
-478 -149 874 311 289 280 289 295
-466 -149 906 312 288 280 292 297
-478 -168 941 309 286 278 290 298
-466 -180 937 312 287 280 290 295
-443 -145 898 312 289 278 287 293
-415 -117 866 311 285 276 287 295
-392 -149 874 310 286 277 289 297
-404 -121 851 312 285 275 289 294
-407 -74 831 308 283 276 288 295
-447 -74 851 309 285 277 287 297
-482 -62 902 308 285 276 288 298
-490 -78 921 306 283 276 287 296
-482 -90 890 306 280 270 283 291
-419 -133 851 310 287 278 291 299
-388 -152 835 312 287 280 290 298
-392 -164 823 312 288 278 289 294
-443 -176 847 312 289 277 287 294
-521 -239 870 312 288 278 288 293
-506 -247 862 312 286 275 286 295
-498 -211 835 310 283 275 288 296
-517 -223 835 307 284 276 289 294
-517 -125 811 312 285 275 288 295
-541 -137 866 309 285 277 290 298
-502 -109 788 310 285 274 287 295
-490 -98 792 311 285 276 285 291
-529 -125 831 309 285 278 288 298
-525 -149 870 309 286 278 290 296
-537 -152 882 309 285 277 290 297
-517 -156 874 310 287 279 290 298
-498 -207 890 311 288 279 289 295
-486 -164 851 313 287 276 286 292
-486 -149 839 310 285 276 288 294
-482 -188 847 308 283 276 289 294
-478 -149 831 309 285 277 289 297
-458 -70 886 312 286 276 287 293
-447 -54 866 311 289 278 289 293
-470 -7 859 312 287 276 287 295
-486 -62 902 312 289 282 295 301
-490 -43 898 310 285 277 290 296
-486 -43 894 307 283 277 288 295
-486 -66 902 307 284 277 289 296
-494 -78 890 310 286 278 290 296
-462 -109 894 311 287 279 289 296
-486 -145 902 312 288 280 294 299
-482 -156 894 309 286 278 290 296
-482 -156 886 309 287 279 293 299
-470 -152 878 307 283 277 289 293
-462 -141 862 309 283 277 290 297
-458 -129 847 311 287 280 294 300
-462 -137 851 310 287 280 292 296
-455 -129 859 311 287 276 287 294
-458 -125 862 311 286 275 288 294
-466 -145 870 307 284 277 288 296
-427 -149 847 313 287 276 290 295
-470 -168 882 310 284 275 286 290
-466 -152 870 305 281 275 288 292
-482 -156 874 307 285 278 288 297
-478 -152 882 309 284 278 290 295
-474 -149 855 309 287 279 292 295
-486 -141 851 311 287 280 290 294
-478 -152 851 312 289 280 289 293
-478 -152 851 309 282 276 288 295
-494 -152 866 309 283 277 290 298
-498 -152 878 309 287 278 292 296
-506 -141 878 312 289 280 294 299
-502 -137 886 312 287 277 287 294
-502 -145 878 308 282 274 286 292
-502 -149 878 307 281 274 287 293
-494 -137 870 308 284 276 289 294
-490 -149 870 308 286 277 290 297
10.01531457901001