1004 -15 251 316 270 280 295 339
1008 -39 270 311 266 276 294 340
992 -31 266 312 266 275 293 340
1004 -15 254 309 264 274 291 338
1019 -19 258 310 266 274 291 337
1031 -15 262 312 265 275 293 339
1063 -7 278 315 268 275 290 335
1039 31 266 313 268 276 291 336
984 35 251 314 268 276 290 338
937 54 219 312 266 276 293 341
1019 -66 243 315 268 276 291 337
1000 -86 196 308 261 270 285 330
1008 -105 172 313 268 279 297 342
972 -74 129 317 267 276 290 336
961 -27 86 314 266 274 289 336
964 0 54 314 267 277 293 335
976 23 54 312 266 273 292 338
1000 15 105 314 266 274 291 334
1012 3 149 316 268 275 290 334
1019 11 149 313 266 277 293 341
1015 7 152 315 267 275 291 336
1004 -3 180 313 265 276 293 338
1012 -27 184 314 267 277 293 335
1008 -58 203 306 259 269 287 331
1008 -62 184 313 263 274 290 336
1004 -58 176 316 266 273 290 337
1012 -74 184 314 264 273 291 336
1031 -70 164 317 267 273 291 335
1015 -70 192 318 267 275 291 336
1012 -54 192 314 264 274 292 336
1019 -66 149 312 264 274 292 333
1008 -86 227 314 264 275 290 336
1000 -90 254 313 265 276 293 339
1000 -27 258 312 264 275 291 337
976 -3 298 311 264 274 291 335
992 11 286 315 268 276 291 335
992 15 286 314 266 277 294 338
988 3 278 313 266 277 294 338
996 -50 353 316 269 280 297 336
964 -58 333 314 268 278 293 333
988 -47 325 314 267 277 294 339
980 -39 333 311 266 275 293 337
984 -62 270 315 267 273 290 332
984 -50 258 314 269 276 291 331
988 -47 282 314 269 276 291 334
988 -47 290 313 269 277 294 333
996 -54 274 314 270 276 292 332
976 -54 266 314 267 278 294 338
1000 -58 294 313 267 278 296 339
996 -54 305 312 267 276 294 336
980 -43 305 313 266 276 293 337
988 -43 317 310 266 274 292 334
996 -47 302 308 261 268 288 327
988 -47 270 311 267 277 294 338
988 -47 274 311 266 274 292 336
988 -43 262 311 267 275 293 335
980 -39 266 312 268 277 295 335
992 -43 254 314 268 278 295 339
992 -58 274 313 266 276 294 335
984 -54 286 312 266 276 293 335
988 -43 290 310 265 275 292 335
1000 -62 313 311 266 272 288 328
988 -43 302 314 266 273 291 331
992 -50 302 314 269 276 291 331
984 -54 286 315 270 278 294 334
992 -66 270 313 268 277 296 336
996 -58 266 312 267 277 295 336
988 -54 266 312 266 275 294 337
992 -54 258 313 266 276 294 335
1000 -62 278 313 267 276 293 334
992 -62 266 312 266 276 293 336
988 -50 274 312 265 276 293 335
992 -54 282 312 266 276 294 335
1004 -62 286 311 263 271 289 331
988 -70 278 311 262 272 288 331
992 -54 266 315 269 279 295 336
992 -31 262 313 268 279 295 335
992 -31 262 312 267 275 294 336
984 -19 262 311 266 275 292 336
1000 -27 266 312 266 276 292 335
996 -43 258 312 267 277 295 338
996 -43 266 312 268 276 294 337
984 -39 262 313 267 277 294 340
1000 -47 266 313 266 276 294 336
1000 -62 254 312 267 276 294 335
992 -58 258 315 269 279 296 335
1000 -50 278 314 269 277 295 337
992 -43 266 310 267 274 293 334
992 -39 266 312 267 276 294 337
1000 -47 270 313 266 277 293 337
1000 -39 270 312 267 277 294 337
988 -50 254 313 268 277 295 336
992 -39 251 312 266 277 294 336
996 -50 247 312 267 277 294 337
996 -39 254 312 265 276 291 335
996 -54 254 315 268 275 292 333
992 -54 262 315 267 274 291 335
996 -54 266 314 270 278 295 335
996 -47 262 314 269 278 292 332
996 -50 266 312 267 277 294 338
992 -43 266 312 267 278 294 337
1008 -47 266 309 262 269 287 327
992 -47 266 313 269 277 295 336
1000 -50 262 311 267 275 293 334
988 -47 258 313 269 277 295 339
1004 -43 254 312 266 277 293 337
988 -47 258 312 267 275 293 334
996 -58 258 313 267 276 293 335
996 -50 254 312 266 276 294 336
996 -47 262 313 266 276 293 335
992 -47 254 312 267 275 293 334
996 -47 266 311 265 275 293 332
996 -47 266 312 267 275 293 337
988 -39 247 313 268 276 295 335
1000 -54 258 315 270 276 291 334
1000 -50 247 315 268 274 292 330
988 -47 251 312 266 273 289 330
1000 -50 262 315 269 276 290 333
1000 -43 266 313 265 274 291 331
988 -35 258 313 266 276 292 335
996 -39 266 314 265 276 291 335
1000 -54 262 311 266 274 292 333
996 -50 266 311 266 276 291 336
988 -50 258 311 265 276 292 334
1004 -54 258 314 265 275 293 332
980 -39 251 315 267 275 294 334
1000 -43 258 314 267 278 295 334
1000 -54 251 307 264 272 291 332
984 -50 247 311 267 274 292 336
1004 -54 258 311 266 276 291 334
996 -43 258 312 267 275 293 337
988 -43 258 312 266 276 293 334
1004 -43 262 311 265 275 292 332
996 -47 262 313 266 274 292 333
992 -50 258 312 264 273 291 333
984 -54 247 313 266 275 293 332
988 -54 251 316 270 279 295 333
1000 -43 254 314 268 278 295 337
1000 -39 258 311 268 274 293 336
10.711045742034912