1012 -70 211 330 267 277 393 241
992 -66 207 331 267 275 393 242
1000 -66 188 330 269 279 396 241
1004 -62 180 331 270 278 394 241
1039 -50 219 331 267 276 392 241
1019 -78 317 331 266 276 392 239
1015 -70 345 327 264 276 395 242
1004 -58 356 328 266 278 396 243
1004 0 294 329 269 278 397 244
992 -15 278 330 269 280 396 242
980 -43 235 324 263 276 392 243
988 -54 258 324 266 278 393 243
992 -50 262 325 266 276 393 244
968 -31 258 324 265 277 390 243
980 -31 274 325 265 277 391 243
996 -58 309 324 266 276 391 243
984 -50 302 325 267 275 393 243
996 -54 286 324 263 277 391 243
984 -50 274 326 266 278 393 245
992 -23 274 325 268 277 392 244
984 -3 278 325 266 277 393 245
988 3 278 326 266 278 391 245
984 -19 309 328 268 281 396 249
976 -35 305 325 266 277 392 244
976 -62 325 324 264 276 391 243
1000 -86 337 328 265 276 391 243
980 -78 305 325 266 278 390 245
988 -94 313 325 266 277 392 245
984 -90 309 325 264 276 390 244
984 -86 302 323 265 276 391 243
984 -66 302 326 268 279 393 248
992 -43 302 327 268 279 393 249
964 -47 313 327 267 279 393 248
976 -23 309 326 268 279 393 249
968 -43 313 328 267 278 392 247
984 -58 321 324 265 276 391 245
984 -78 345 329 266 276 389 244
976 -86 356 329 269 277 388 243
988 -98 353 324 266 277 390 245
988 -86 333 327 265 277 390 246
972 -82 317 325 266 277 390 246
984 -98 325 327 266 275 388 245
980 -98 321 327 269 279 391 244
964 -66 302 327 268 280 394 247
980 -62 313 329 269 280 393 248
976 -62 317 325 266 277 388 247
980 -43 305 325 265 276 391 248
992 -62 294 327 267 278 392 249
1004 -78 298 324 267 277 389 248
1004 -90 356 327 268 279 393 248
980 -31 266 329 268 279 393 247
972 -35 282 324 262 272 384 241
988 -58 313 328 266 278 390 246
972 -78 321 327 268 278 391 243
984 -90 341 328 268 279 390 241
976 -78 360 326 267 278 391 246
968 -66 372 327 266 277 391 245
984 -66 376 325 267 276 390 244
964 -50 345 330 269 278 387 243
992 -70 313 328 267 279 392 247
968 -78 282 327 267 278 392 245
964 -66 290 328 268 279 395 247
961 -58 298 328 270 282 397 248
984 -54 309 327 268 279 394 247
984 -82 309 325 267 279 392 246
984 -98 317 325 266 276 390 245
1004 -94 309 326 265 277 390 245
961 -86 313 326 266 277 392 246
996 -70 317 329 266 275 387 244
988 -50 313 327 268 279 391 242
957 -43 290 328 268 279 390 242
996 -47 298 328 268 280 390 243
1000 -58 313 329 269 281 394 246
972 -50 290 328 268 276 387 241
980 -62 305 327 268 280 390 242
996 -66 305 326 267 278 390 243
964 -54 274 328 265 278 390 246
988 -54 305 324 265 275 389 244
976 -50 298 325 265 276 388 244
972 -62 298 328 266 274 387 242
1000 -66 317 329 269 278 387 244
992 -74 313 327 265 276 389 243
964 -70 305 327 265 276 385 239
980 -70 313 326 268 276 385 243
984 -86 325 327 269 279 391 243
984 -62 313 324 264 277 388 242
980 -50 313 322 263 274 386 237
984 -66 321 325 266 277 389 242
984 -70 329 323 265 276 387 239
980 -58 309 327 266 274 387 238
980 -54 313 324 265 277 387 241
980 -47 317 327 266 274 384 240
976 -43 309 326 265 275 386 239
988 -58 309 323 264 272 383 234
976 -74 305 326 267 279 390 245
980 -58 290 329 266 276 386 240
992 -66 309 328 267 275 386 240
980 -66 302 326 268 278 389 239
984 -54 302 325 267 278 390 240
988 -58 302 324 266 277 388 242
984 -66 309 327 270 278 390 245
984 -62 302 328 268 277 388 239
980 -54 309 328 266 275 385 239
984 -66 321 327 269 278 388 238
976 -70 317 326 267 279 389 242
996 -70 305 327 267 279 390 244
980 -70 286 326 265 276 386 240
988 -62 298 326 268 278 388 239
984 -50 290 327 268 279 387 239
992 -47 294 326 268 279 392 246
976 -62 302 326 267 279 390 245
996 -66 313 324 267 279 389 242
980 -70 317 325 265 275 386 240
996 -66 313 327 268 276 385 238
10.041976928710938