1008 -74 231 323 262 306 377 320
941 11 305 320 261 304 374 315
1008 125 290 325 262 303 373 313
855 94 321 325 263 303 373 314
992 -35 243 322 262 302 373 315
992 -66 254 324 263 299 372 312
984 -58 251 319 262 302 375 316
1004 -74 286 320 260 297 367 311
984 -66 329 320 263 303 375 317
996 -11 329 321 264 303 375 317
984 -74 325 316 263 301 372 315
976 -90 360 320 262 300 372 313
980 -121 392 321 265 303 372 312
988 -105 372 320 266 302 372 312
988 -94 333 321 264 299 371 313
972 -58 313 320 262 299 374 314
992 -86 309 318 263 300 373 316
984 -66 282 319 265 303 375 318
961 -70 376 317 263 300 373 316
984 -62 356 316 261 301 372 316
976 -78 376 324 270 305 375 318
964 -58 356 319 264 304 375 317
968 -70 372 319 264 303 375 315
964 -74 368 320 266 305 379 320
957 -70 368 318 265 303 375 317
949 -82 356 316 262 302 372 315
953 -82 353 317 262 302 371 316
961 -98 380 316 261 297 368 310
949 -74 368 320 265 302 370 312
968 -62 353 318 261 299 372 314
976 -66 349 320 265 301 370 314
957 -90 364 320 266 302 370 314
968 -78 376 320 264 304 372 314
961 -86 396 319 265 303 372 313
968 -101 396 322 264 302 373 316
996 -117 376 321 263 300 370 316
976 -94 360 317 263 302 372 315
945 -70 337 317 261 301 370 316
949 -58 302 317 260 300 369 314
980 -50 270 318 260 300 370 315
984 -62 266 320 264 299 370 313
980 -47 270 320 263 300 370 313
972 -39 298 318 262 298 366 310
968 -43 329 317 262 298 368 311
953 -35 353 317 260 298 368 311
984 -31 356 317 260 301 371 315
984 -15 329 321 263 299 371 315
980 -39 349 320 265 304 376 319
988 -62 337 319 264 304 374 316
957 -54 317 317 263 301 373 317
972 -39 298 320 267 304 371 314
996 -54 305 320 265 303 369 313
996 -31 286 318 262 302 372 316
1000 -50 282 317 260 299 369 313
988 -82 286 318 261 299 369 313
980 -74 278 317 261 299 369 313
992 -62 305 317 264 304 374 319
996 -50 302 318 262 302 372 316
1000 -58 309 317 261 301 372 316
964 -74 317 316 264 302 371 315
976 -78 333 316 264 300 372 316
976 -31 309 315 264 301 371 316
1004 -66 333 319 266 304 372 313
1008 -82 325 318 262 299 369 313
957 -62 298 319 262 300 372 313
984 -78 282 319 264 299 370 314
996 -113 290 318 265 303 369 313
976 -90 286 317 265 303 374 315
976 -70 294 317 264 304 373 315
980 -27 329 317 264 303 373 320
996 -23 337 315 263 302 373 316
972 -39 305 316 261 300 369 314
972 -70 298 316 265 303 373 318
972 -105 321 315 262 302 371 316
964 -109 325 315 263 302 372 317
984 -98 329 312 262 301 369 314
972 -70 356 313 263 300 370 316
984 -62 368 314 261 300 370 313
1004 -50 349 313 259 298 367 312
968 -39 321 310 259 298 369 313
968 -74 321 316 263 301 371 314
961 -94 305 312 261 299 371 313
972 -58 309 312 261 300 370 313
964 -70 349 314 262 301 369 315
968 -50 356 317 261 301 371 315
1000 -50 360 317 265 303 370 312
980 -66 360 317 265 301 369 313
10.011100053787231