1008 54 -82 325 270 273 352 319
1008 94 -19 326 272 278 356 325
1015 98 0 320 271 275 354 322
1008 98 11 322 272 277 355 326
1019 98 3 322 270 274 355 322
1012 94 -7 320 269 273 354 320
1008 82 -7 325 273 276 353 318
1008 86 -15 325 272 277 356 325
1008 82 -43 322 272 275 355 324
1035 23 54 324 271 277 352 321
1031 54 58 323 270 275 353 320
1008 70 39 324 270 274 352 320
1008 90 58 327 274 276 351 317
1019 54 90 323 270 276 353 322
1019 11 90 322 269 275 350 320
996 7 35 324 270 275 351 319
1039 0 0 325 273 276 351 317
1004 31 0 324 271 276 352 320
1015 70 3 327 273 275 349 318
1000 117 0 325 274 276 352 316
1012 109 54 323 272 276 354 323
976 223 78 324 273 276 353 322
1000 200 82 326 273 274 350 318
996 156 82 326 272 274 350 320
988 129 50 324 273 277 354 324
984 133 39 324 274 278 356 326
1004 121 35 322 272 276 354 322
992 141 31 322 272 274 352 320
988 168 7 321 271 275 351 319
996 196 7 325 272 273 349 318
996 219 19 321 269 274 350 320
988 188 50 324 273 278 356 322
1000 168 54 325 274 278 351 317
992 152 19 323 270 274 351 318
996 125 19 325 275 276 351 318
996 117 11 323 273 276 354 321
988 98 27 323 273 277 353 321
1004 113 35 326 274 274 350 318
1000 160 19 325 275 278 351 317
1012 184 15 326 272 274 349 316
1008 196 -7 325 274 276 349 317
1008 215 -35 324 273 275 350 316
996 184 -3 325 274 278 356 321
976 145 23 326 274 279 354 320
1000 117 -54 325 275 277 350 316
1004 141 7 319 271 275 351 319
1004 19 -27 323 273 278 351 316
1008 50 -54 323 272 277 354 318
1000 90 -66 324 275 280 357 323
1004 78 -31 322 272 278 353 320
996 105 -23 322 272 277 354 319
1008 137 0 323 273 278 353 317
1004 149 3 321 271 277 353 320
1008 117 11 321 270 276 352 320
1008 94 3 318 269 276 350 317
1004 70 7 323 272 277 350 315
1004 66 -3 317 267 274 350 316
1004 74 -35 321 268 272 348 314
10.049396276473999