980 23 101 314 262 273 353 317
1043 19 129 316 262 273 352 318
1055 50 121 315 262 273 353 315
1004 27 86 316 262 271 351 316
1015 0 74 320 267 276 354 316
1039 -27 70 318 266 274 356 321
1012 -39 35 316 263 274 353 317
1004 -66 50 317 264 274 352 318
1012 -23 98 318 264 273 353 315
1012 -27 117 319 265 275 351 313
1047 -50 86 320 267 276 352 315
1019 -35 50 316 264 271 349 309
984 -54 47 316 263 271 349 310
1035 -43 113 319 265 272 349 314
1012 -23 -3 320 264 271 349 313
1019 3 11 319 265 275 351 318
1008 11 11 317 264 273 351 315
1031 -3 39 316 263 273 348 315
1027 -11 47 320 265 272 347 314
1015 -27 62 317 266 275 352 317
1039 -43 47 317 263 274 350 315
1015 -50 31 315 263 272 349 313
1008 -43 62 319 265 272 349 315
1012 -27 62 318 267 274 347 312
1012 -7 54 318 265 276 349 312
1043 -7 50 318 266 275 354 320
1000 7 35 315 264 272 350 314
1023 0 62 318 263 271 348 314
1039 -78 74 317 265 274 351 318
1012 -78 54 317 263 273 350 317
1004 -78 94 318 266 275 353 320
1027 -19 94 317 263 271 348 315
1027 58 78 317 262 271 344 312
1004 74 109 318 265 275 350 317
1012 58 121 318 266 275 351 315
1012 50 90 318 265 274 351 317
1015 3 109 316 263 273 350 316
1035 -43 117 317 262 274 350 317
1015 -43 105 316 264 273 349 317
996 -47 141 317 264 274 350 319
1004 27 129 320 266 276 349 314
1015 47 121 318 265 275 352 322
1012 58 121 313 259 270 347 314
1019 58 109 311 258 270 345 312
1027 27 90 317 265 274 351 319
1008 7 82 315 263 273 347 317
996 3 94 317 261 272 346 316
1004 0 125 318 263 272 347 316
1008 7 109 319 266 273 347 315
1035 -3 129 320 266 274 347 312
1012 3 86 318 266 275 350 316
1012 11 70 317 265 274 351 318
1015 15 82 316 265 272 349 316
1015 19 101 315 263 272 347 315
1023 7 129 318 264 273 349 317
1019 -15 141 316 265 274 350 319
1015 -27 129 319 265 276 351 315
1019 3 74 316 265 275 350 318
1008 15 47 318 264 274 350 318
1000 15 62 316 263 273 348 318
1023 15 86 318 263 273 348 316
1019 -11 141 317 263 272 349 315
1019 -11 82 320 266 275 347 314
1000 0 74 317 265 276 350 318
1012 0 98 316 264 273 348 317
1015 3 105 320 267 274 348 314
1008 -3 109 317 265 274 350 314
1019 0 70 320 269 278 351 315
1008 3 62 317 266 275 352 318
1012 27 82 314 262 273 347 316
1012 11 109 318 262 272 348 315
1012 3 125 319 264 272 346 313
1015 -3 133 320 266 274 345 315
1015 -15 109 317 265 276 350 317
1008 -19 74 317 266 274 350 314
1008 -7 62 314 263 272 347 316
1019 3 90 317 265 275 351 319
1012 -3 113 319 267 277 352 317
1027 -15 117 317 266 275 352 321
1023 -11 94 318 266 275 351 317
1000 -7 109 318 265 275 351 317
1023 0 109 317 265 274 352 319
1008 7 117 312 261 271 347 313
1008 11 129 320 265 272 345 312
10.042276620864868