980 243 -82 279 372 331 342 232
972 196 -39 276 371 329 341 231
964 137 3 281 376 332 342 230
984 188 -15 279 374 332 344 235
976 247 -31 278 372 330 343 232
1000 251 -23 278 372 332 341 233
996 235 -19 278 370 331 341 234
964 200 -54 280 370 331 340 241
964 266 -113 277 370 331 341 242
961 290 -145 280 374 334 341 240
964 298 -152 281 374 332 339 242
949 290 -160 281 375 331 340 242
961 270 -156 279 370 330 341 245
968 243 -117 280 369 330 341 244
980 200 -86 276 372 330 342 245
945 129 -78 283 375 331 343 246
945 207 -129 279 369 327 339 242
921 270 -141 281 373 331 339 243
953 384 -125 277 371 332 340 246
961 427 -113 279 370 330 342 246
976 384 -62 278 372 333 343 249
968 305 3 279 370 331 341 247
1027 258 70 281 370 329 339 244
945 251 -11 280 371 328 339 243
961 305 -35 281 374 335 344 256
945 478 -121 274 367 328 339 249
949 517 -160 275 367 328 339 249
937 486 -156 281 373 333 341 248
949 404 -152 279 370 332 341 252
882 356 -121 279 371 331 341 251
898 290 -113 280 369 332 342 253
937 341 -90 279 370 331 342 252
902 329 -39 281 369 333 342 253
878 282 -11 279 370 332 343 253
941 188 0 280 371 334 342 254
941 219 -74 280 368 332 340 251
988 290 -168 281 369 332 341 251
961 376 -200 279 371 331 342 253
972 235 -152 277 369 333 340 249
972 286 -145 279 369 331 343 250
992 266 129 280 373 335 342 251
1004 219 137 280 372 335 342 252
972 219 58 281 371 335 345 258
972 172 43 278 371 333 343 255
972 168 23 279 370 333 343 254
976 180 15 279 371 334 343 256
980 231 23 275 367 327 335 245
980 219 31 274 363 330 339 252
1004 200 19 277 367 331 341 251
992 156 19 279 369 331 342 251
988 133 27 282 372 332 342 254
972 145 27 280 372 335 344 257
976 168 35 280 372 335 345 258
1000 168 43 279 370 333 342 254
1012 184 31 278 371 331 341 253
1008 133 19 278 370 331 342 253
996 113 11 279 369 333 342 255
972 137 15 281 369 330 341 251
1008 207 39 280 368 330 338 253
1000 188 47 280 368 332 341 254
996 172 27 280 370 330 340 251
984 180 0 281 373 334 340 250
988 192 -7 280 371 335 345 257
988 207 -11 279 371 334 343 255
1008 164 3 279 369 334 341 253
976 109 35 279 369 333 342 253
996 180 -19 278 370 331 342 252
984 192 -11 276 368 332 340 252
980 203 -31 279 369 334 340 254
972 317 -50 282 372 332 339 252
980 282 -3 282 373 333 340 252
1000 152 -7 279 371 335 343 257
1008 172 -19 279 367 333 340 254
984 223 105 279 369 334 342 258
980 207 101 282 370 332 342 256
980 196 105 279 368 332 340 254
972 207 98 276 366 332 341 254
972 219 113 282 370 331 340 255
976 247 129 281 369 331 339 254
988 247 149 279 368 333 342 257
988 223 164 278 369 334 342 258
984 188 176 279 370 334 343 257
972 180 152 279 369 332 341 257
976 196 109 279 370 332 341 258
976 203 58 280 369 334 343 259
980 223 39 281 369 331 339 255
984 223 31 280 368 331 341 255
980 239 15 282 371 334 338 257
972 231 19 280 371 336 340 255
980 211 54 276 366 328 336 250
984 207 62 279 370 335 343 260
988 192 86 279 369 333 343 259
988 180 98 278 368 334 341 259
992 200 90 282 370 331 340 257
992 192 74 278 369 335 343 261
1000 160 47 278 367 334 341 258
992 129 50 278 368 332 341 259
988 86 43 279 367 333 339 257
980 70 27 283 373 334 339 258
980 58 31 280 370 335 344 263
988 98 23 277 369 332 342 259
988 152 27 281 370 331 340 257
984 243 23 279 368 333 338 255
992 298 7 278 367 333 341 260
968 274 70 281 371 336 345 263
992 282 117 281 369 332 341 258
992 211 121 280 367 332 340 258
1004 184 200 281 372 333 340 256
992 180 133 282 370 332 341 258
1000 192 117 282 370 332 339 259
992 149 98 279 366 332 339 258
988 160 94 280 368 332 342 256
1008 125 98 278 367 333 340 256
976 90 113 281 372 334 339 256
996 78 94 282 370 332 341 257
10.04745078086853