992 39 270 317 417 400 396 350
988 43 274 313 408 395 392 351
980 31 290 314 413 398 393 352
988 31 294 319 414 393 389 347
980 43 298 319 412 393 392 348
980 39 298 317 409 397 391 352
980 31 290 315 413 395 396 350
988 27 290 314 412 395 395 350
988 31 278 314 412 395 391 351
988 23 290 314 408 394 391 350
984 35 294 318 414 393 392 348
980 35 290 316 416 395 392 348
984 43 286 315 409 396 392 351
980 23 294 314 410 395 395 346
988 31 282 311 406 395 390 349
984 35 298 316 412 395 395 349
984 39 294 315 412 393 394 348
984 31 286 318 412 393 392 348
980 43 270 320 411 395 387 348
980 27 278 319 413 398 391 346
984 50 282 311 402 387 383 343
980 35 282 317 414 396 388 346
984 43 270 316 410 397 393 357
984 31 274 314 407 391 391 352
980 35 262 316 410 394 392 350
984 43 278 314 409 392 389 350
984 39 290 318 410 396 393 354
988 47 286 314 409 392 392 348
996 35 290 313 408 392 390 348
992 47 274 314 405 393 387 349
988 58 262 317 410 395 393 346
988 39 262 319 420 394 394 349
992 47 270 318 411 393 394 348
984 43 278 321 412 394 393 349
996 31 290 319 412 391 387 346
984 31 278 317 410 395 387 347
980 47 262 315 406 399 389 351
984 50 266 316 410 394 393 351
996 39 278 313 410 390 390 348
976 62 262 314 406 393 388 347
992 54 270 315 407 391 388 346
988 39 270 316 408 389 386 347
972 43 270 317 410 391 388 349
976 50 274 314 406 392 386 349
976 47 270 314 408 392 389 350
972 47 274 315 405 393 385 348
980 50 266 316 408 395 386 342
980 31 262 316 410 391 389 350
992 27 270 312 404 387 381 347
992 35 286 316 410 389 393 351
988 39 282 314 408 391 387 350
976 47 262 313 404 391 386 347
988 35 262 314 409 392 390 351
988 50 258 315 406 388 387 350
988 35 278 314 408 392 389 348
988 43 266 315 406 392 388 350
996 43 270 317 408 388 384 347
988 35 270 316 410 391 387 343
988 47 270 312 404 389 386 346
984 50 282 315 409 392 390 349
984 47 270 316 404 392 387 349
988 47 270 314 408 394 389 348
992 27 274 314 408 391 389 348
992 35 282 317 412 391 386 347
988 50 274 316 409 392 390 348
972 62 266 315 409 392 389 351
992 31 274 316 404 389 388 349
988 43 266 317 407 390 385 349
988 47 274 312 409 387 387 344
976 47 266 314 404 389 384 347
984 43 266 316 405 389 389 344
976 43 270 315 410 391 387 344
992 39 270 316 407 393 389 352
984 43 266 316 407 392 389 348
988 47 254 314 410 388 388 344
992 50 251 313 403 391 384 349
988 50 266 315 410 390 390 343
988 54 270 315 411 392 395 350
988 35 266 317 409 398 392 354
992 47 258 313 408 388 389 346
992 50 262 315 403 389 386 345
976 47 270 315 406 391 386 350
980 47 266 315 404 390 387 348
988 39 274 313 404 391 384 347
992 35 270 312 406 388 387 344
988 27 270 315 404 390 388 343
988 39 262 313 404 390 386 347
988 47 266 314 404 392 387 352
988 43 274 312 408 388 386 347
992 50 274 318 404 389 383 347
980 47 274 315 410 387 383 343
984 50 274 314 407 390 386 348
984 43 266 315 406 392 389 348
988 47 266 313 406 391 385 347
992 39 262 317 404 389 385 345
976 39 274 318 411 391 385 344
988 47 266 315 407 390 382 345
984 50 266 316 408 392 391 347
996 47 258 315 404 389 385 347
984 31 270 311 405 387 383 340
996 50 262 318 407 389 382 348
988 47 266 315 409 387 385 344
988 47 258 314 408 389 389 344
988 39 258 314 410 392 393 351
984 39 251 317 408 393 388 348
988 47 258 313 408 390 390 348
988 39 258 313 406 387 387 345
980 39 262 312 406 388 386 345
984 43 258 316 406 386 385 342
988 39 262 317 407 389 385 342
996 54 251 316 407 393 389 351
1000 43 251 314 404 387 381 341
992 43 258 315 404 390 383 348
988 39 254 315 405 388 387 346
984 43 258 315 408 390 392 352
988 47 262 315 406 393 388 352
984 54 254 315 407 391 387 348
10.015662431716919