976 -133 317 350 283 293 296 249
980 -137 321 350 286 295 296 251
980 -141 302 349 285 293 297 251
976 -137 290 348 283 293 297 250
988 -145 309 347 282 293 295 252
980 -145 341 343 283 294 298 251
976 -133 329 345 283 295 297 253
984 -113 305 348 286 297 300 262
992 -117 302 344 287 296 300 261
984 -105 290 341 283 295 297 258
984 -121 313 352 288 298 297 262
984 -109 294 347 285 293 299 258
980 -105 302 347 284 297 298 263
980 -121 309 346 285 296 301 262
980 -105 298 341 285 294 299 259
992 -129 302 346 284 297 298 263
980 -125 302 343 280 290 291 256
980 -125 313 347 287 296 300 262
984 -113 309 347 287 294 296 259
992 -117 305 344 284 296 295 262
992 -117 305 343 287 298 300 272
988 -101 286 343 288 296 300 268
992 -109 294 344 289 300 305 271
992 -117 294 347 289 297 297 264
988 -113 294 346 288 301 303 271
988 -113 294 346 287 299 299 268
980 -109 290 345 289 298 298 267
984 -113 294 340 286 295 296 263
984 -113 298 338 285 294 299 265
988 -121 274 346 287 294 298 267
988 -117 305 344 289 298 298 265
992 -121 298 344 287 294 297 268
988 -101 282 342 286 296 297 267
988 -117 305 342 285 296 298 270
984 -117 302 342 288 296 299 270
980 -98 298 343 285 292 295 263
988 -113 294 342 287 296 300 270
1000 -117 278 346 290 296 298 266
984 -117 302 343 284 294 297 269
992 -117 298 340 285 296 297 269
980 -113 278 344 286 296 298 269
984 -113 282 343 286 295 297 270
992 -121 286 340 285 296 297 271
980 -109 294 344 287 299 299 272
992 -105 309 341 287 295 298 271
988 -105 286 345 285 295 297 268
984 -113 282 346 288 294 295 266
992 -121 298 340 288 295 299 269
988 -117 282 342 287 295 299 270
988 -109 290 340 287 296 299 270
984 -101 278 338 287 294 298 270
992 -105 290 340 287 297 299 270
988 -117 286 344 287 296 299 270
992 -105 266 343 289 297 299 272
988 -117 302 343 289 297 301 273
988 -117 286 341 285 296 299 273
992 -98 290 343 287 300 299 273
992 -105 294 343 287 295 297 271
980 -109 294 339 283 293 295 269
980 -98 290 339 284 293 296 269
992 -109 298 341 284 297 299 270
992 -117 286 344 285 297 298 274
996 -113 302 342 286 298 299 274
992 -113 298 342 289 298 301 275
992 -109 298 343 287 296 297 274
992 -98 278 343 288 296 298 275
976 -109 290 342 285 294 294 273
988 -113 294 343 291 296 297 271
976 -101 278 340 284 293 292 268
988 -113 294 336 284 295 297 273
992 -101 286 342 286 296 299 275
992 -109 290 342 288 296 300 274
996 -105 290 340 288 296 299 276
992 -101 294 340 287 296 299 275
988 -101 286 342 286 297 298 276
988 -101 278 337 288 297 297 280
988 -121 286 341 288 299 299 272
984 -113 282 340 287 298 298 277
984 -101 278 336 285 293 297 273
992 -101 298 339 285 290 295 271
988 -98 286 341 286 294 297 276
996 -105 286 338 288 295 298 277
988 -117 290 338 287 297 298 277
988 -98 286 343 287 296 297 276
992 -101 309 343 290 298 297 274
992 -94 305 341 286 295 297 276
988 -94 294 340 290 296 296 276
988 -101 294 342 292 296 297 275
996 -117 302 338 287 296 297 277
988 -98 286 345 289 299 300 281
984 -94 305 339 290 297 297 276
980 -94 302 342 290 301 301 277
972 -105 282 341 287 294 298 276
992 -121 286 341 286 294 296 279
984 -109 282 338 284 296 297 278
980 -109 302 336 286 293 293 268
992 -109 298 339 286 298 298 281
996 -94 294 339 288 298 300 279
988 -94 305 338 288 297 300 278
996 -94 298 339 289 296 302 276
988 -98 294 339 288 298 300 278
992 -101 294 340 289 299 302 282
980 -105 298 339 288 298 299 278
992 -94 298 342 289 300 302 283
992 -105 309 341 286 299 299 282
984 -86 290 336 287 295 298 277
984 -86 270 340 289 299 298 276
992 -90 305 344 288 297 297 276
984 -94 313 340 290 297 296 276
984 -94 305 340 289 298 296 277
992 -90 294 339 292 299 299 275
980 -90 290 340 289 298 299 273
984 -90 298 335 288 298 300 279
984 -82 294 337 287 298 300 278
976 -94 294 335 285 297 297 277
984 -82 286 337 285 293 293 276
992 -86 302 336 282 291 292 267
992 -86 309 337 287 295 298 276
1000 -94 329 338 290 298 298 274
996 -94 317 339 289 299 301 282
984 -101 302 339 288 299 300 280
976 -94 251 339 288 298 301 278
984 -109 286 340 288 299 300 281
980 -98 302 339 286 295 296 276
10.348668813705444