882 -98 529 315 380 373 363 350
890 -90 521 315 376 377 362 350
882 -90 513 317 380 372 363 346
882 -101 521 317 385 379 364 350
886 -109 506 310 376 370 358 342
886 -86 521 311 374 371 361 345
886 -98 517 317 383 378 366 353
894 -101 525 319 386 379 369 351
886 -90 533 318 382 378 361 347
882 -90 533 320 385 376 363 348
878 -78 533 321 382 376 363 349
894 -90 517 318 384 377 362 344
882 -101 513 319 383 377 361 348
882 -105 521 319 382 377 360 346
890 -105 517 316 379 374 360 348
894 -105 521 317 380 376 363 351
882 -98 521 312 373 372 359 345
878 -94 529 313 376 374 360 346
878 -90 525 310 371 367 360 341
882 -86 529 319 382 375 363 347
882 -82 525 317 384 376 361 346
882 -98 529 318 382 378 361 347
890 -90 521 318 383 377 366 353
882 -109 509 316 383 378 360 347
874 -94 513 315 378 375 363 349
866 -82 525 315 380 375 364 350
878 -82 537 315 383 374 366 351
894 -82 537 317 378 376 363 350
878 -105 533 314 381 373 363 348
894 -113 525 317 380 376 364 349
886 -105 517 314 382 375 364 347
886 -98 517 317 382 377 362 345
882 -94 521 319 381 379 367 351
890 -98 513 314 382 374 365 349
890 -98 525 314 380 374 361 347
878 -98 513 315 378 374 363 348
890 -90 513 316 379 374 362 347
886 -105 525 317 379 375 364 349
886 -105 517 315 379 373 361 347
882 -98 517 315 378 371 358 338
890 -90 509 318 383 377 364 348
890 -101 525 318 381 377 364 350
886 -94 529 318 383 375 364 343
894 -98 537 319 382 376 360 346
898 -101 521 319 385 376 362 347
886 -94 506 317 382 374 364 348
890 -98 509 317 379 378 362 349
886 -98 506 315 379 374 362 350
890 -90 513 311 377 368 360 345
894 -90 513 316 384 373 366 351
898 -98 513 318 378 375 363 348
882 -90 517 313 379 368 354 339
890 -98 521 316 382 375 365 351
898 -101 521 318 382 375 368 352
898 -90 509 318 380 375 363 349
894 -86 506 315 383 372 364 349
882 -105 521 313 381 371 362 346
902 -105 513 316 378 374 361 348
886 -94 506 317 378 374 363 348
890 -86 506 317 378 375 362 350
882 -78 517 315 382 373 363 349
886 -86 517 317 379 374 363 349
894 -98 513 313 379 372 361 347
894 -101 513 317 378 373 361 348
898 -98 517 316 378 371 360 346
890 -94 517 313 377 373 357 343
894 -98 509 323 383 374 364 350
886 -90 509 315 386 376 366 350
890 -101 509 316 382 377 365 348
886 -90 509 319 379 378 360 344
886 -101 513 315 377 372 358 345
898 -94 517 314 376 373 361 346
902 -94 521 315 375 369 355 341
898 -94 517 315 378 371 359 341
882 -86 517 317 375 373 360 347
894 -90 517 315 376 374 359 346
890 -90 513 316 378 372 361 346
890 -94 517 321 380 373 361 348
890 -101 513 317 379 373 366 348
894 -101 513 320 382 379 364 349
886 -98 517 315 378 374 362 346
886 -98 517 314 376 372 361 345
894 -101 517 315 377 373 360 348
878 -94 513 318 380 370 361 346
890 -90 517 319 380 372 359 346
882 -105 513 314 378 367 359 342
882 -121 521 319 382 373 359 347
886 -125 506 313 377 372 362 343
882 -129 517 315 379 373 363 347
878 -121 498 321 378 373 361 346
886 -109 513 316 378 371 363 345
882 -66 521 314 376 373 360 346
882 -54 545 312 375 366 359 344
878 -50 533 316 377 374 362 346
878 -66 549 312 380 370 362 346
886 -101 541 318 376 377 359 350
870 -121 549 314 381 372 364 348
882 -125 580 315 378 371 361 348
874 -82 564 319 381 375 361 344
886 -109 545 318 373 374 363 348
882 -86 517 317 378 373 361 348
886 -90 502 317 376 374 362 349
882 -113 517 316 379 371 361 347
878 -137 533 316 380 372 364 347
870 -117 545 317 382 373 357 347
874 -101 545 319 375 371 359 342
886 -62 513 314 376 372 360 346
886 -47 494 315 380 368 362 345
921 -47 502 315 376 371 360 343
921 -35 498 316 381 374 364 351
910 -7 490 317 380 372 364 349
906 -19 498 320 381 371 358 345
910 -3 478 317 381 373 365 350
898 -3 462 316 376 374 362 349
898 -66 486 318 381 377 363 353
906 -78 486 316 380 374 362 349
898 -70 478 313 375 365 353 340
906 -82 478 317 377 373 359 348
910 -86 482 321 377 373 358 345
910 -90 486 312 378 370 361 344
913 -94 502 315 376 373 361 345
902 -94 490 314 378 370 362 346
910 -90 502 320 377 371 358 344
906 -86 494 317 377 373 360 349
913 -78 494 318 377 372 363 344
902 -82 486 319 377 371 354 343
906 -86 494 315 377 372 359 349
910 -90 490 314 375 371 361 347
902 -94 498 316 376 373 360 347
906 -90 494 319 378 368 360 343
902 -82 490 318 380 368 360 345
906 -86 486 318 383 369 360 342
910 -86 478 319 380 373 359 341
910 -94 498 315 377 370 360 346
910 -90 494 319 382 374 360 345
917 -82 490 312 376 370 360 346
906 -86 498 312 375 366 357 346
906 -78 498 315 381 372 364 352
906 -90 498 317 382 373 365 350
906 -82 494 317 377 373 361 347
929 -101 462 314 379 369 361 343
925 -86 466 318 381 370 356 344
941 -58 502 321 383 374 360 347
949 -35 513 317 380 374 362 345
913 -31 521 311 376 367 361 344
894 -47 509 312 373 364 356 341
902 -50 494 316 380 371 361 348
10.916128873825073