976 -39 317 307 339 299 294 297
1000 -39 313 300 335 295 296 298
976 -35 298 298 333 292 289 289
980 -27 313 302 337 296 295 299
988 -31 302 306 336 297 294 295
976 -35 309 304 335 298 296 300
980 -31 298 304 338 298 298 299
988 -31 305 303 338 298 299 301
988 -23 294 303 336 300 296 299
980 -23 313 304 336 296 295 299
984 -27 309 302 335 297 296 300
988 -39 302 305 338 297 299 302
984 -23 278 306 338 299 298 297
984 -27 286 307 334 295 293 298
988 -27 302 308 338 298 295 299
988 -27 278 306 337 299 298 299
984 -27 282 306 339 300 297 300
984 -23 290 298 328 293 291 292
980 -19 282 308 340 299 295 298
976 -15 290 307 338 298 294 298
996 -35 294 305 339 296 295 298
980 -31 290 307 337 298 296 296
976 -31 290 306 334 294 294 298
996 -35 290 305 339 298 296 296
992 -31 286 309 343 300 299 298
996 -31 290 304 334 296 296 300
996 -47 302 305 334 298 298 301
992 -27 305 304 334 299 298 301
992 -27 294 307 337 299 295 297
992 -31 305 305 338 299 297 298
980 -35 294 304 334 297 298 301
992 -43 286 302 329 292 290 295
980 -35 286 311 337 298 294 299
988 -43 298 307 337 298 299 300
984 -43 286 307 335 298 297 300
988 -35 294 306 333 298 297 302
988 -23 286 307 333 298 297 303
984 -31 290 306 334 296 299 300
988 -23 286 306 333 298 297 301
996 -47 290 308 337 297 295 299
988 -39 290 307 334 300 298 300
992 -35 298 307 336 299 296 298
988 -35 298 306 335 298 298 302
988 -35 286 304 332 297 294 301
992 -43 286 306 334 298 298 302
992 -39 286 306 335 298 298 303
980 -39 290 304 335 295 297 300
980 -31 298 304 333 295 295 302
988 -39 294 305 330 296 295 300
992 -35 294 310 336 299 295 302
988 -27 286 307 332 298 297 301
988 -39 290 308 332 297 294 299
984 -31 290 308 335 298 294 301
988 -35 294 307 336 298 293 299
992 -27 302 308 336 299 298 300
992 -39 298 309 337 301 296 302
980 -39 282 308 336 299 301 306
988 -43 286 308 336 299 299 307
992 -47 286 307 333 297 296 304
980 -43 278 309 335 299 299 302
976 -43 290 307 333 298 299 302
988 -35 294 308 335 299 300 304
992 -27 266 305 328 293 294 299
988 -39 278 309 335 296 294 299
980 -39 294 308 335 298 296 298
988 -39 294 308 336 301 295 302
996 -35 305 308 335 300 299 303
976 -19 302 306 334 299 298 305
980 -19 294 309 339 301 298 304
992 -43 302 309 334 300 299 302
984 -27 294 308 337 302 302 310
996 -39 298 308 330 298 301 306
996 -31 298 305 331 297 296 305
988 -35 309 305 331 295 296 302
984 -27 302 306 333 297 298 303
988 -39 298 304 334 296 298 304
984 -31 290 305 333 298 298 304
976 -39 302 309 337 299 296 303
988 -31 298 307 338 299 296 301
988 -23 302 308 336 302 301 307
980 -27 298 308 334 299 299 303
988 -35 286 306 334 300 299 306
976 -35 290 308 334 299 298 307
980 -39 302 307 334 300 298 307
984 -35 294 306 334 297 297 305
996 -27 305 303 332 296 293 298
988 -11 317 300 330 294 294 302
992 -11 305 309 337 295 298 303
984 -31 294 307 336 298 299 303
984 -39 294 305 334 298 299 305
980 -35 282 305 334 298 299 306
976 -35 298 306 334 298 299 305
976 -27 286 303 333 297 297 303
976 -31 286 306 333 299 299 304
980 -27 290 303 332 296 297 302
992 -39 294 301 329 296 296 302
992 -35 305 307 330 295 296 303
984 -15 302 310 334 297 296 305
988 -27 294 307 336 300 299 307
984 -43 302 308 335 301 299 301
980 -27 298 306 336 298 300 306
980 -27 298 306 332 298 298 305
984 -31 290 305 331 297 296 303
980 -31 294 307 334 295 295 303
980 -23 290 309 335 296 296 301
984 -31 305 300 329 296 296 303
980 -31 305 307 335 300 300 308
984 -35 309 306 335 299 300 307
988 -27 302 304 332 299 295 306
980 -35 305 306 332 295 293 301
980 -23 298 308 338 302 301 306
988 -35 305 308 337 299 298 307
980 -31 305 307 333 298 299 306
984 -31 305 304 332 298 296 306
980 -35 305 304 334 297 297 305
984 -27 302 307 329 297 296 303
988 -31 313 306 333 298 297 304
984 -27 309 309 335 299 296 299
988 -15 294 307 333 298 295 301
980 -23 302 305 332 299 298 306
976 -27 298 310 340 300 297 305
996 -47 298 308 333 300 301 310
992 -11 305 307 334 298 296 306
972 -23 305 302 331 296 296 300
972 -31 278 303 328 295 293 302
980 -39 270 307 334 298 297 304
10.455710172653198