972 -27 458 333 279 380 346 269
1059 -35 396 336 283 383 351 276
1102 -47 317 332 279 379 349 274
1090 -90 215 332 281 382 350 272
1078 -109 196 336 280 384 353 278
1043 -50 196 330 281 383 351 281
984 -58 274 331 280 383 353 278
862 3 415 335 282 386 355 280
745 -27 615 335 283 385 352 277
745 -27 631 335 286 384 350 278
796 -35 600 336 284 387 353 277
894 -86 537 332 281 383 354 280
835 -43 466 330 279 383 352 279
862 -164 541 334 280 383 349 278
870 -86 521 332 280 380 350 278
862 -117 557 334 280 381 346 276
847 -101 529 331 279 381 346 277
859 -113 545 332 278 380 349 277
851 -125 533 332 282 383 352 280
902 -149 513 330 283 394 362 311
917 -149 509 331 283 394 363 314
890 -117 498 330 283 398 364 313
937 -168 513 325 282 399 364 311
917 -152 513 324 282 403 367 313
882 -176 521 327 283 405 371 308
913 -176 525 326 283 405 372 310
910 -133 482 325 284 405 374 303
894 -141 482 326 284 407 376 309
898 -156 509 328 282 406 373 302
878 -160 517 328 282 404 373 304
906 -180 494 332 286 396 364 311
910 -176 502 332 287 392 359 308
890 -152 494 332 285 393 360 306
890 -141 494 333 285 388 358 309
898 -125 462 329 281 389 355 308
917 -141 478 326 281 388 359 307
929 -129 458 331 285 391 361 313
925 -172 482 333 283 389 358 309
913 -180 506 335 285 394 359 307
898 -180 506 332 284 391 357 307
902 -137 478 331 283 389 360 309
898 -133 482 330 286 392 364 314
913 -117 451 331 285 393 363 315
933 -137 439 335 284 394 357 310
929 -168 474 332 283 392 360 312
902 -145 466 327 284 392 358 309
913 -145 486 328 280 389 357 308
937 -117 462 334 284 395 360 311
941 -105 455 333 285 393 360 307
945 -105 451 333 285 390 356 309
953 -141 466 333 281 393 358 309
941 -160 470 331 284 391 360 310
921 -164 470 334 282 391 357 308
921 -141 458 333 284 390 357 307
910 -125 451 324 278 386 352 303
910 -86 431 336 284 390 357 311
925 -117 439 334 285 392 356 308
937 -113 411 337 285 392 356 309
953 -137 407 333 283 392 359 311
933 -160 415 332 283 390 359 310
921 -160 439 334 282 391 358 311
902 -160 443 330 283 389 358 309
894 -137 431 330 283 393 357 311
890 -125 423 335 285 393 365 311
913 -149 423 333 287 395 360 310
941 -176 439 333 284 390 357 309
941 -196 435 333 281 391 358 312
957 -215 455 330 283 387 356 309
957 -219 490 330 283 388 355 304
929 -172 506 330 283 391 357 311
945 -129 419 335 286 389 357 308
941 -160 431 333 286 391 357 308
937 -160 439 331 283 387 353 307
921 -152 447 330 284 390 359 311
913 -145 443 329 285 395 358 312
913 -117 435 332 285 391 359 314
929 -121 435 330 282 391 357 311
945 -145 427 333 284 392 360 312
953 -168 447 334 286 393 359 309
945 -188 451 334 289 393 356 312
929 -184 458 334 283 389 357 310
917 -168 458 331 284 390 360 313
910 -137 458 332 284 393 359 315
10.792400121688843