-54 -164 1015 309 290 302 302 299
-62 -152 1000 309 287 298 299 294
-50 -168 1004 309 292 304 305 301
-43 -164 1004 311 294 304 301 298
-47 -164 1004 309 287 302 302 298
-43 -160 1004 309 290 302 303 299
-43 -156 1008 309 288 300 302 298
-50 -149 1000 308 290 302 302 297
-50 -145 1004 308 291 303 304 299
-50 -133 1000 309 293 303 304 303
-50 -141 1008 312 291 305 304 301
-50 -145 1008 314 291 302 300 296
-47 -133 1008 311 292 299 300 297
-54 -133 1004 310 290 303 303 300
-43 -129 1000 309 289 300 297 293
-43 -133 1004 307 286 298 299 296
-43 -149 996 309 291 304 304 302
-35 -156 996 309 289 303 303 300
-35 -152 988 310 289 304 301 300
-35 -172 996 311 290 302 303 299
-31 -164 996 311 290 303 303 300
-35 -168 1000 310 289 304 305 303
-47 -152 1008 311 288 303 301 301
-50 -156 1004 312 289 305 301 301
-43 -152 1000 309 287 300 299 297
-43 -152 1004 307 286 300 301 297
-43 -164 1008 309 292 304 304 302
-39 -156 1000 313 291 303 302 300
-47 -168 1000 310 288 301 302 301
-47 -152 996 310 291 304 304 302
-43 -164 1004 310 291 305 304 303
-39 -152 992 313 292 305 303 297
-43 -164 1012 312 292 306 305 304
-31 -156 1000 310 289 302 302 301
-39 -164 996 311 289 306 303 302
-43 -180 996 312 292 307 306 306
-31 -184 1000 309 290 304 302 302
-35 -184 1004 309 291 303 303 303
-43 -180 1000 309 291 304 305 304
-35 -184 1004 313 292 307 308 307
-35 -188 1000 311 290 307 304 305
-39 -184 1008 309 290 304 304 304
-39 -176 1012 310 289 302 299 296
-35 -188 1012 310 295 305 305 300
-43 -176 1004 313 293 305 302 299
-39 -176 996 308 290 304 305 300
-39 -188 1008 311 291 307 305 305
-39 -180 1004 310 291 305 305 303
-31 -180 1008 313 291 305 305 305
-39 -176 1000 309 286 302 299 301
-35 -164 1008 311 292 304 301 298
-43 -168 1000 313 292 304 303 302
-31 -172 1008 313 291 302 303 300
-35 -176 1004 312 290 303 303 300
-27 -176 1004 309 291 304 303 301
-35 -172 1004 311 293 306 306 304
-31 -172 1000 309 290 305 302 303
-35 -164 1004 313 294 306 302 300
-35 -164 1008 312 293 307 307 301
-35 -172 1000 312 293 302 303 301
-27 -160 1000 311 291 301 300 295
-31 -168 1004 308 288 299 300 299
-27 -172 1004 309 287 299 300 298
-31 -164 1008 311 293 306 306 305
-35 -168 1004 313 295 310 308 304
-27 -168 1008 312 291 302 302 300
-39 -172 1008 312 289 303 303 301
-39 -164 1004 312 291 306 303 303
-27 -172 1008 308 292 304 305 302
-31 -176 1004 310 292 305 305 303
-35 -168 1000 312 291 307 305 304
-27 -160 996 314 294 309 305 302
-35 -168 996 309 293 305 306 304
-31 -160 988 306 287 302 302 301
-19 -164 1000 309 290 306 304 302
-19 -172 996 310 292 305 306 303
-27 -168 1004 310 292 306 306 303
-19 -164 1008 311 295 307 308 302
-31 -168 1008 315 292 303 302 301
-31 -160 1008 310 291 306 304 301
-43 -168 1004 309 291 304 304 303
-31 -168 1008 310 291 304 305 303
-39 -168 1008 311 293 306 306 305
-27 -168 1004 310 292 306 305 305
-27 -168 1000 312 293 307 306 303
-23 -168 996 313 294 307 302 301
-27 -164 1000 312 292 308 305 301
-35 -156 996 306 289 302 302 302
-35 -160 996 312 293 307 307 305
-27 -168 1004 313 294 309 308 307
-27 -172 1008 313 293 306 305 304
-27 -160 1000 312 293 306 306 300
-31 -168 1004 313 293 308 305 302
-27 -172 1012 313 293 304 301 300
-31 -172 1015 309 289 303 304 301
-23 -172 1008 312 292 306 304 303
-27 -168 1004 309 291 304 305 303
-31 -164 1004 310 291 306 306 305
-31 -156 996 310 294 306 308 305
-27 -152 992 313 294 309 306 304
-39 -156 1000 309 289 303 304 301
-27 -160 996 309 290 304 303 302
-27 -168 1008 309 291 306 303 303
-35 -180 1019 308 293 306 307 304
-35 -160 1004 313 296 309 307 306
-27 -164 1000 309 292 307 306 304
-39 -168 1004 311 294 307 304 302
-31 -160 1008 312 290 304 302 302
-31 -168 1008 317 293 308 301 300
-39 -176 1004 310 290 301 299 297
-31 -160 1000 310 290 301 301 298
-31 -172 1000 309 292 306 305 305
-23 -141 996 311 294 307 307 307
-31 -160 1008 312 293 307 306 302
-35 -164 1012 311 295 307 304 302
-35 -168 1012 311 290 305 304 300
-35 -156 1000 314 293 304 302 300
-35 -172 1008 309 287 302 301 301
-31 -168 1004 313 292 304 302 302
-27 -172 996 313 294 302 301 302
-27 -176 1004 312 290 303 304 301
-31 -172 1000 310 291 306 302 303
-31 -172 1008 311 290 304 304 303
-39 -172 1004 309 292 304 304 302
-31 -180 1000 310 292 307 306 305
-39 -156 1000 315 296 309 310 310
10.30958104133606