972 -145 356 342 391 366 354 270
961 -133 345 343 394 363 356 275
972 -152 353 344 395 366 358 275
961 -145 345 342 395 368 358 278
976 -149 349 342 395 369 360 277
972 -129 345 342 397 368 360 275
968 -149 353 342 394 367 357 277
957 -125 345 343 395 370 358 287
968 -145 364 343 397 370 360 289
961 -141 356 343 398 368 360 286
964 -160 372 346 397 370 359 284
968 -160 360 341 394 367 360 286
968 -145 356 347 397 370 354 283
968 -149 372 344 397 369 360 284
984 -129 333 346 399 373 364 289
992 -125 333 344 398 368 361 285
949 -141 364 344 393 366 356 283
933 -164 372 345 395 365 358 284
957 -184 325 347 398 375 361 283
972 -149 302 343 396 368 359 286
968 -160 333 344 396 369 360 285
968 -160 353 346 396 373 362 293
972 -145 364 340 392 366 358 283
972 -149 356 339 389 365 355 285
972 -168 353 346 395 371 359 293
968 -152 353 340 392 363 357 291
968 -125 341 347 394 371 359 293
972 -133 329 341 394 366 357 293
972 -164 345 343 393 366 356 291
964 -168 349 342 393 367 356 291
964 -180 368 344 396 366 358 292
957 -125 349 345 395 365 355 288
972 -125 329 348 398 370 358 289
976 -141 333 347 395 370 356 288
976 -152 333 347 395 367 356 290
976 -172 368 345 394 363 354 289
964 -172 372 346 396 365 355 289
961 -152 364 347 397 366 357 290
968 -98 321 344 393 367 359 288
972 -141 337 347 393 367 355 290
968 -149 345 344 391 366 357 288
964 -164 364 342 393 368 357 293
961 -168 372 343 392 367 355 290
964 -137 345 344 393 367 358 292
980 -137 333 344 390 366 356 291
980 -156 337 347 393 365 355 288
972 -160 349 347 394 366 355 291
961 -160 380 344 394 367 357 291
953 -121 356 344 396 369 357 293
968 -113 329 344 393 368 356 293
976 -156 345 342 389 362 349 288
976 -172 360 343 389 363 351 291
964 -184 372 340 393 365 356 292
953 -121 353 343 391 367 355 294
964 -105 329 343 390 365 353 292
968 -117 325 342 391 366 355 293
980 -156 341 345 396 368 357 293
953 -121 349 344 392 367 356 297
953 -125 337 343 394 366 356 294
980 -160 353 345 392 362 355 291
984 -168 360 347 396 358 353 288
980 -172 368 344 391 365 354 290
972 -152 356 343 389 365 355 292
957 -129 356 339 389 364 352 288
964 -152 353 347 395 369 354 292
961 -109 353 346 396 366 352 294
1004 -94 349 341 393 363 355 294
1008 -90 368 343 393 365 357 294
1008 -117 372 343 393 367 356 296
1023 -200 396 342 391 363 355 292
937 -164 380 344 394 368 355 295
929 -152 380 345 394 366 356 298
933 -133 329 344 392 369 355 298
957 -156 317 345 394 367 358 295
980 -176 286 343 390 367 353 297
984 -164 266 344 392 367 355 297
1000 -180 274 339 388 363 353 291
980 -203 305 342 389 365 355 294
976 -188 317 346 393 370 356 298
945 -164 349 344 394 367 356 298
941 -137 333 344 391 364 352 296
945 -129 313 341 388 368 354 295
10.02428388595581