682 0 772 331 399 381 367 265
686 0 757 330 400 381 365 265
690 7 753 338 403 382 362 265
690 3 749 324 392 375 357 256
415 98 780 336 401 383 363 263
443 39 764 335 400 383 368 269
458 -50 772 333 401 382 367 266
478 11 768 334 402 383 368 268
478 31 784 332 398 380 365 265
462 78 815 334 399 384 365 268
423 168 902 337 401 379 359 262
384 172 1019 336 400 380 361 263
396 294 1074 333 399 386 367 267
600 3 651 332 399 380 363 266
541 15 670 335 401 384 367 268
560 -3 651 330 396 379 363 265
580 -176 698 335 396 378 361 265
592 -168 655 335 401 378 361 264
576 -164 627 334 395 377 361 265
549 -164 600 332 399 380 363 267
509 -133 596 336 402 384 363 264
466 -19 678 332 396 379 364 266
462 7 729 330 395 379 364 264
423 54 768 336 402 388 367 268
411 58 804 334 399 379 366 268
396 101 839 334 400 383 365 270
353 121 917 331 399 380 365 267
380 176 945 334 397 381 362 268
376 262 949 333 403 377 361 262
337 243 1098 327 390 375 359 261
317 231 1133 331 396 377 362 266
313 262 1133 330 399 379 363 267
290 258 1153 333 399 379 363 268
337 313 1082 335 398 382 362 268
313 321 1059 331 399 379 363 268
290 302 1063 333 401 381 365 266
254 254 1066 336 399 379 361 264
243 196 1059 333 401 380 366 269
223 149 1039 335 400 384 363 265
215 90 1015 336 401 377 360 265
227 70 968 336 401 377 363 262
247 54 917 329 395 376 360 265
270 47 894 333 400 382 365 268
305 58 874 334 400 383 365 269
333 15 902 332 399 380 364 267
341 58 898 335 404 379 362 265
345 137 910 334 402 381 365 265
360 121 1015 335 403 385 370 271
376 121 1074 335 401 381 361 265
380 160 1117 335 404 380 363 263
431 200 1129 333 398 377 360 263
439 219 1121 331 397 379 362 266
337 545 1090 334 402 382 364 267
325 545 1086 334 399 382 363 267
333 482 1098 335 400 381 360 267
349 462 1047 335 399 379 360 267
337 396 1012 336 398 378 359 267
333 333 972 331 397 375 359 263
337 270 929 331 396 381 360 270
345 145 937 339 403 380 361 267
356 121 933 334 400 379 361 266
407 117 925 329 397 381 360 270
415 90 894 336 402 380 363 267
435 62 882 333 401 381 365 271
451 66 819 332 400 381 361 271
462 43 784 333 398 381 364 272
478 27 760 336 402 384 365 269
478 27 737 333 398 380 364 270
470 23 737 331 396 381 362 270
447 47 741 336 403 383 366 269
427 31 796 331 398 381 365 268
407 11 859 333 398 379 365 270
407 15 972 331 396 380 362 269
451 58 1074 336 399 378 359 267
490 141 1172 332 395 375 358 265
506 274 1239 332 402 383 365 269
509 290 1239 333 401 382 361 267
521 290 1196 335 400 377 360 266
537 349 1051 334 398 377 360 268
557 282 976 336 397 377 362 267
580 133 757 340 402 380 361 270
588 105 694 336 402 380 360 268
596 31 659 334 400 377 359 268
619 -19 643 334 400 382 363 272
266 101 894 335 401 380 360 271
298 35 886 334 401 383 363 268
313 -35 886 331 400 380 364 272
372 19 808 331 399 379 364 272
388 7 800 334 397 379 363 272
404 -19 835 331 399 379 360 270
553 -74 694 333 395 380 362 274
498 -101 713 331 398 379 362 274
458 -86 717 331 397 381 363 274
435 -70 706 332 398 380 364 273
439 -43 702 333 402 380 365 270
451 -39 721 335 399 383 364 272
458 -50 737 336 399 379 360 273
474 15 753 337 400 383 363 272
10.503275156021118