913 -180 474 311 293 294 297 280
925 -172 478 311 288 293 297 282
917 -184 474 310 287 295 297 283
910 -184 462 314 291 298 299 281
910 -168 455 308 288 294 297 285
921 -160 443 311 292 296 299 280
921 -172 458 311 292 297 300 280
921 -180 474 311 292 295 295 281
921 -156 447 306 283 290 292 277
925 -164 455 310 291 294 297 280
929 -172 451 309 293 296 297 282
917 -168 458 309 290 296 297 283
913 -156 458 307 290 293 295 276
929 -168 451 303 287 293 296 280
913 -156 439 309 291 295 299 282
929 -149 439 309 290 297 297 283
913 -164 462 309 291 297 298 285
925 -160 458 313 295 299 297 282
925 -168 451 310 292 297 297 279
921 -168 447 310 292 293 295 276
933 -164 451 310 290 294 296 281
925 -168 451 306 289 295 296 282
917 -160 443 308 290 295 297 282
925 -172 458 307 291 295 299 284
925 -168 458 305 290 294 296 283
913 -156 451 307 290 294 297 282
933 -164 466 306 290 294 297 281
910 -141 423 305 291 294 296 281
933 -168 455 307 291 293 297 283
933 -172 470 306 291 294 298 283
925 -156 443 308 292 295 299 283
921 -160 447 309 292 296 299 281
933 -172 458 309 293 296 298 277
921 -156 435 311 292 298 296 279
913 -152 443 306 288 294 295 278
921 -160 462 304 289 294 296 279
929 -172 470 313 292 297 299 282
929 -176 474 309 293 297 296 279
921 -160 466 311 292 295 294 279
921 -149 435 310 289 292 295 279
929 -168 458 311 291 293 296 281
925 -160 443 307 288 293 296 279
921 -164 439 309 290 297 298 285
917 -188 458 310 291 296 301 285
921 -172 458 307 291 297 300 285
917 -156 458 311 293 296 299 280
921 -188 447 308 289 295 298 281
921 -184 451 311 290 297 300 282
921 -172 458 310 289 295 298 279
929 -164 451 312 291 297 298 275
910 -168 443 312 290 296 295 276
917 -164 451 312 289 292 294 275
933 -176 462 311 290 294 294 275
917 -156 443 312 291 300 299 281
917 -168 462 311 291 299 301 279
917 -172 462 311 292 298 296 276
925 -160 447 311 288 293 296 277
925 -176 458 307 287 295 295 276
921 -168 455 307 286 290 293 272
921 -172 466 304 286 293 294 273
917 -172 451 312 289 294 295 276
921 -172 455 310 287 294 295 275
917 -156 455 306 288 295 296 275
913 -164 439 310 286 294 294 268
921 -156 451 308 288 292 297 265
913 -149 435 306 288 294 296 268
10.298814296722412