917 -258 455 329 288 288 289 351
913 -258 466 327 284 290 289 352
902 -262 458 329 284 287 286 354
906 -258 458 329 287 288 289 353
910 -266 458 330 286 289 287 350
902 -254 447 327 287 291 288 354
910 -254 455 329 290 292 292 351
917 -251 451 327 285 289 287 354
906 -251 439 330 289 293 291 357
913 -258 451 329 288 291 291 353
902 -254 455 328 289 292 290 355
902 -254 455 328 287 291 290 355
898 -251 443 329 288 290 290 354
906 -266 451 329 288 291 291 353
902 -258 447 328 287 291 290 354
913 -235 455 332 289 291 285 352
921 -247 478 331 289 293 292 353
906 -227 466 332 290 290 289 348
910 -239 458 333 291 292 288 352
913 -243 462 326 286 291 288 353
913 -247 455 328 285 287 283 347
910 -251 455 328 285 285 282 350
902 -251 466 328 289 291 290 354
898 -247 470 332 289 290 284 351
913 -227 455 331 287 289 288 350
913 -235 451 327 287 288 289 351
917 -247 470 327 285 288 287 353
910 -243 466 331 286 288 289 350
910 -251 470 326 287 290 288 351
917 -251 458 328 286 288 289 348
902 -243 443 326 286 291 288 351
917 -262 470 327 287 289 288 353
921 -254 462 329 287 291 290 351
902 -247 447 325 282 284 283 347
913 -251 458 329 289 292 292 357
910 -243 455 330 290 293 292 358
910 -243 451 330 290 293 289 347
910 -254 451 330 290 291 288 349
894 -247 451 330 287 288 286 351
910 -251 455 328 285 288 289 349
913 -251 439 331 288 289 289 353
906 -254 455 333 290 294 290 352
902 -251 466 328 288 291 290 352
910 -247 474 327 289 289 290 352
910 -247 455 329 288 292 291 354
906 -251 455 329 290 293 292 354
913 -254 451 332 292 291 288 351
917 -251 439 325 289 292 290 353
917 -251 435 326 287 291 288 354
917 -247 435 328 285 289 286 350
910 -239 455 329 289 293 290 354
913 -251 447 329 290 292 290 352
917 -251 439 327 287 288 284 348
902 -243 451 329 289 293 290 354
910 -235 451 329 290 294 291 353
913 -247 435 329 288 289 290 348
913 -243 451 330 290 290 289 349
913 -239 451 327 287 292 288 351
917 -243 447 328 288 291 289 353
917 -243 455 329 289 292 289 352
906 -247 462 329 289 292 290 352
910 -247 455 328 289 292 290 351
917 -243 447 327 289 292 289 353
917 -247 443 328 291 292 292 353
910 -247 451 331 292 294 292 351
906 -243 466 326 290 292 291 353
902 -247 466 330 291 294 291 349
906 -235 443 331 289 291 286 348
921 -239 455 330 288 290 289 349
910 -254 466 326 290 291 290 351
902 -247 462 331 291 295 289 350
910 -239 458 331 291 292 287 346
902 -235 462 329 289 291 287 350
902 -231 455 328 288 292 289 351
917 -239 455 328 290 291 290 351
925 -239 455 327 290 292 290 351
917 -251 455 325 288 291 289 349
910 -247 458 327 290 292 290 351
917 -247 458 329 292 293 292 352
910 -243 439 329 287 289 284 348
910 -243 443 328 289 289 285 344
902 -239 447 328 288 289 285 344
910 -235 443 332 291 295 293 354
913 -239 458 332 292 295 291 352
917 -247 451 326 291 293 291 351
906 -243 458 329 292 293 292 351
902 -231 458 328 290 292 291 356
910 -235 462 330 290 294 292 353
917 -243 451 329 290 293 291 353
906 -243 435 329 292 294 291 348
917 -243 455 328 291 294 292 352
910 -239 451 329 292 295 292 356
910 -243 462 326 288 291 289 349
10.42500376701355