757 -188 682 335 273 296 393 345
741 -207 674 339 274 303 404 353
784 -184 682 335 272 296 403 349
749 -211 690 338 272 297 404 351
757 -207 725 337 273 298 404 357
811 -192 702 337 272 300 406 360
737 -211 698 336 271 296 404 357
800 -215 682 334 268 296 404 356
733 -207 611 335 271 304 405 363
749 -141 706 333 275 305 405 353
717 -105 706 334 270 301 401 354
764 -137 721 336 273 304 404 357
741 -129 662 333 273 300 403 356
721 -145 710 333 271 302 405 354
819 -156 749 334 276 304 407 357
698 -117 659 332 274 304 402 357
741 -113 702 333 272 301 403 354
749 -149 733 332 273 301 402 352
725 -133 694 331 273 301 404 353
757 -121 710 333 274 304 405 356
741 -133 710 335 272 304 405 353
717 -152 729 335 277 302 403 349
753 -125 713 335 276 304 402 350
745 -129 698 335 274 301 400 350
733 -129 702 334 273 299 403 348
757 -129 694 332 270 302 400 352
749 -125 694 329 272 300 397 347
757 -137 713 333 274 304 402 349
780 -121 717 333 276 303 403 348
733 -149 725 333 273 304 401 349
733 -133 698 334 275 303 401 350
784 -121 725 333 275 303 403 355
753 -133 713 334 277 302 399 346
749 -137 710 334 275 302 400 345
741 -149 694 334 272 300 398 347
768 -129 678 332 272 300 400 346
768 -129 682 329 270 301 398 349
800 -74 623 332 271 300 400 348
772 -149 686 333 277 301 398 348
749 -129 674 333 270 300 395 342
764 -145 717 330 271 299 399 345
772 -137 710 329 274 299 400 345
808 -98 670 329 270 300 399 347
760 -125 678 330 273 302 399 347
780 -117 678 330 272 299 401 347
760 -121 690 333 272 300 396 344
772 -125 698 323 270 296 394 343
780 -121 674 328 273 299 395 345
780 -82 655 325 273 300 392 346
780 -86 651 327 274 301 397 347
784 -98 655 328 274 305 394 353
792 -101 662 328 272 301 395 347
784 -98 666 326 274 300 396 346
792 -109 666 327 273 302 397 348
792 -121 670 329 276 301 397 352
784 -82 635 327 274 302 397 346
800 -98 651 328 276 302 397 350
792 -109 659 329 273 301 396 348
796 -121 662 323 270 301 390 342
788 -117 659 323 270 295 393 342
851 -113 572 326 274 302 393 348
847 -121 580 327 275 301 395 349
862 -113 588 327 274 301 396 345
831 -113 592 328 276 301 395 344
827 -98 584 329 275 302 390 345
839 -109 580 329 276 301 392 341
890 -109 572 329 275 303 395 347
902 -78 525 328 277 300 390 343
902 -113 502 327 277 299 389 342
913 -94 482 328 276 303 388 345
910 -105 494 327 275 301 393 344
910 -90 482 322 274 300 389 342
910 -101 486 324 272 301 391 349
902 -105 494 325 271 301 389 346
898 -117 502 325 272 300 390 344
886 -113 498 324 270 303 390 349
882 -101 498 328 275 303 393 352
898 -101 509 327 276 303 393 351
878 -101 502 326 274 302 392 345
906 -105 498 328 274 304 390 343
906 -105 458 327 274 301 390 343
921 -101 451 327 276 303 391 345
913 -113 474 327 275 299 390 344
906 -105 455 326 275 299 391 343
906 -109 482 326 273 300 390 345
925 -117 490 323 271 298 386 344
921 -125 494 325 275 300 393 349
902 -125 506 326 278 301 394 348
910 -98 478 325 273 300 393 348
910 -105 474 324 273 299 391 347
913 -105 486 324 276 300 395 347
913 -125 482 327 272 298 391 343
921 -117 474 325 273 300 390 347
913 -133 470 324 272 299 388 345
913 -117 466 323 273 299 390 344
913 -105 455 328 273 298 391 344
917 -105 470 325 274 299 389 345
917 -101 470 325 276 301 392 347
925 -105 466 326 272 297 389 344
917 -98 466 329 277 297 392 344
913 -117 474 328 275 299 388 347
929 -121 478 325 274 302 392 346
917 -133 474 323 272 302 389 346
902 -121 478 325 275 301 393 348
898 -121 482 320 271 297 385 346
913 -133 466 321 272 297 390 345
913 -113 458 325 274 302 394 347
917 -113 458 328 275 303 391 345
929 -117 451 328 276 301 392 343
937 -113 447 329 276 299 391 344
921 -109 466 330 278 299 391 346
10.738814115524292