1012 -152 172 362 415 407 382 362
1000 -149 160 361 415 408 385 363
1004 -156 160 363 419 411 385 366
1008 -168 160 366 419 414 389 366
1012 -172 156 356 410 403 381 363
1012 -160 160 364 414 411 384 367
1015 -156 152 365 414 415 388 372
1004 -156 164 363 417 411 382 361
1004 -172 172 364 413 407 382 362
1012 -168 172 360 413 413 384 367
1004 -180 164 361 416 409 386 370
1000 -188 164 363 417 413 387 366
996 -168 149 363 415 407 380 366
1004 -172 137 362 417 403 383 362
1008 -160 176 359 413 409 386 366
1004 -168 192 361 416 407 386 364
1012 -196 196 362 419 408 384 361
1012 -203 188 362 416 407 383 361
1015 -192 164 357 409 407 381 363
1008 -168 149 365 412 406 380 364
1012 -164 145 351 407 401 380 358
1008 -149 137 358 412 406 381 364
1004 -141 133 362 412 407 381 366
1004 -141 137 360 415 409 385 363
1000 -145 149 364 415 409 380 362
1008 -149 152 361 411 406 380 362
1015 -168 172 356 412 402 380 359
1008 -168 156 360 412 404 377 358
1004 -176 149 361 415 402 382 362
1008 -180 145 358 413 406 383 362
1008 -180 145 359 410 406 381 364
1008 -176 149 360 412 407 383 363
1004 -180 145 359 416 406 385 363
1004 -160 149 365 420 408 381 361
1008 -168 145 358 414 409 382 363
1004 -172 156 358 411 407 381 363
1012 -172 149 362 412 407 385 368
1008 -184 164 363 416 411 386 367
1008 -172 141 358 412 406 384 365
1008 -184 145 360 411 408 385 369
1008 -172 137 362 413 409 382 361
1019 -203 156 363 413 404 380 364
1008 -172 141 363 406 404 379 362
1000 -164 141 360 406 403 378 359
1012 -176 152 359 412 404 383 363
1015 -188 152 357 409 404 383 362
1008 -176 149 359 414 408 385 370
1012 -180 133 364 416 407 379 363
1004 -172 145 361 412 401 379 360
1004 -168 133 358 414 405 379 362
1004 -164 137 362 410 401 380 358
1012 -176 137 355 407 399 379 362
1008 -180 145 353 405 395 378 357
1015 -168 137 357 405 400 375 359
1015 -176 141 359 410 409 383 368
1015 -176 145 360 411 408 385 365
1012 -172 145 361 413 408 388 368
1008 -176 149 361 413 402 379 359
1012 -176 149 356 408 404 380 362
1015 -180 149 356 410 404 381 362
1004 -176 149 358 409 407 381 365
1004 -164 141 360 410 408 384 368
1008 -172 141 361 410 407 383 359
1012 -168 137 359 411 400 381 359
1019 -172 137 359 409 405 381 365
1015 -172 149 359 408 404 381 363
1004 -168 149 358 414 404 384 366
1008 -176 145 358 412 401 382 365
1008 -192 145 355 408 403 381 363
1008 -184 141 358 410 404 382 365
1015 -176 141 360 412 410 385 372
1008 -172 141 360 413 403 374 358
1008 -184 152 358 409 403 379 362
1015 -180 152 354 409 401 381 359
1008 -168 137 357 409 404 382 365
1008 -176 137 359 411 406 382 361
1008 -168 133 361 412 403 378 363
1015 -184 141 352 405 401 379 359
1004 -184 145 358 409 404 380 361
1000 -176 156 357 409 407 381 367
1000 -172 137 362 412 409 381 363
1012 -176 133 362 411 407 380 360
1012 -156 121 360 406 403 380 359
1012 -152 133 356 408 403 381 361
1012 -172 152 358 412 403 383 362
1008 -184 152 358 411 406 384 362
1012 -188 149 361 412 402 379 358
1012 -184 149 358 409 401 380 361
1004 -172 156 358 411 406 383 366
1004 -176 145 359 411 406 382 365
1012 -200 156 359 413 403 383 364
1004 -176 125 357 413 405 383 365
1012 -184 137 357 408 400 382 362
1004 -180 129 357 412 404 384 360
1008 -172 125 358 413 404 380 358
1015 -184 133 357 409 405 384 362
1015 -176 129 359 412 406 383 362
1015 -184 149 357 404 398 379 358
1012 -184 149 353 406 400 377 362
1008 -164 137 355 410 402 384 365
1008 -168 125 357 411 404 382 365
1015 -192 129 359 410 407 384 362
1008 -184 121 361 409 402 376 359
1012 -192 129 360 416 404 380 361
1012 -184 137 358 411 408 379 360
1008 -172 137 356 405 402 380 360
1004 -176 133 354 405 402 379 362
1008 -180 133 356 408 402 381 362
1012 -188 129 359 411 405 385 365
1015 -176 133 358 412 403 380 359
1012 -172 137 355 408 403 381 365
1008 -164 133 358 408 405 381 365
1012 -160 129 359 411 405 378 359
1015 -168 133 354 408 400 379 361
1008 -172 145 353 408 402 378 363
1012 -164 129 356 410 404 383 366
10.025995254516602