1012 -66 -11 339 370 399 372 351
1015 -66 -31 343 375 404 377 354
1027 -78 -15 340 375 403 379 352
1008 -66 -15 339 377 404 385 355
1027 -62 -19 338 372 403 380 356
1023 -74 -15 340 371 406 381 361
1019 -90 -11 340 374 404 383 357
1012 -74 -23 342 374 405 383 362
1019 -47 -31 338 372 401 379 355
1023 -70 -7 340 373 409 380 360
1012 -58 -35 340 373 405 380 361
1019 -74 -19 339 371 405 378 357
1015 -70 -23 339 371 399 374 348
1004 -58 -31 337 370 396 376 350
1015 -74 -31 344 372 406 380 358
1012 -70 -31 341 371 398 377 352
1015 -66 -27 339 370 398 377 353
1019 -86 -23 340 370 399 378 353
1023 -86 -23 342 371 403 379 356
1019 -74 -19 341 373 405 381 363
1015 -54 27 339 372 399 378 354
1019 -54 19 344 374 399 376 355
1012 -47 11 336 370 398 378 353
1012 -58 19 338 372 401 380 354
1008 -7 31 343 376 401 379 352
1023 -7 35 340 375 402 380 358
1023 -11 31 340 373 399 375 350
1012 -7 39 336 368 398 377 353
1023 -11 35 340 374 403 382 359
1039 -27 27 340 373 402 381 355
1012 31 3 338 374 398 380 353
1012 0 35 346 373 402 377 356
1012 -3 54 343 370 402 380 357
1019 -19 62 342 373 399 380 352
1019 -19 54 339 372 398 378 352
1012 0 31 343 375 404 380 353
1027 -23 35 341 376 402 381 358
1027 -15 3 338 372 399 378 354
1012 -11 3 338 370 400 378 353
1027 -27 0 342 376 403 377 353
1008 -3 7 342 377 406 381 358
1008 -3 27 337 372 398 379 354
1008 -7 31 340 372 401 375 357
1015 0 35 343 377 398 377 354
1012 0 39 341 373 402 380 357
1019 0 31 339 372 399 378 353
1019 0 15 341 375 403 381 360
1019 -7 19 342 369 398 379 351
1015 -3 15 340 371 399 374 350
1012 -7 23 335 371 397 378 351
1004 0 19 342 377 403 378 353
1012 -11 15 338 373 400 379 361
1012 -3 15 339 373 402 381 357
1012 -3 -7 341 378 399 377 353
1012 -39 -7 341 375 402 378 352
1012 -11 -23 343 373 404 379 352
1015 -11 -23 341 374 404 380 358
1008 -7 -23 343 375 406 379 355
1015 -19 -15 344 376 402 376 350
1012 -23 -7 341 375 398 381 355
1027 -23 -3 342 373 397 376 353
1019 -15 3 339 370 396 378 352
1015 -7 -19 340 372 399 379 355
1019 -19 -15 341 377 397 377 352
1023 -11 -23 341 375 396 376 352
1019 -7 -11 341 374 397 375 354
1019 -23 -7 338 373 397 380 353
1015 -7 -11 342 371 402 376 358
1019 -31 -7 339 372 397 378 355
1015 -11 -3 336 369 396 378 351
1008 -15 -3 338 370 395 372 350
1015 -19 3 338 372 397 376 355
1015 -11 -7 339 373 398 377 352
1019 -11 -7 346 375 400 378 353
1012 -15 -23 341 374 403 381 357
10.557088136672974