925 -101 462 337 284 288 368 364
941 -66 423 340 287 291 371 364
949 -101 447 342 290 293 368 360
945 -86 435 342 288 291 367 362
937 -66 407 342 288 290 365 360
929 -70 392 342 287 293 367 361
929 -78 407 341 287 290 367 357
953 -86 411 341 287 293 372 368
925 -78 404 336 282 289 365 361
945 -86 419 339 284 290 365 356
961 -82 415 337 284 290 366 362
933 -74 396 340 281 290 366 364
953 -94 427 336 283 288 366 362
964 -82 423 340 283 288 366 360
925 -66 419 337 286 291 371 363
941 -82 435 336 283 287 368 360
972 -70 419 339 288 291 369 358
941 -70 404 341 288 293 369 359
968 -82 419 335 286 290 369 364
968 -70 396 335 285 291 369 367
925 -90 388 330 280 287 366 360
953 -113 439 336 283 287 362 356
953 -98 427 341 286 289 367 359
937 -90 415 337 285 289 367 360
937 -90 411 337 285 291 367 363
945 -78 411 333 286 290 368 363
933 -82 392 339 287 293 364 362
957 -78 396 338 287 294 367 363
945 -78 400 337 286 293 368 366
929 -94 419 336 285 287 364 359
945 -90 419 337 284 290 366 360
961 -86 407 338 288 292 366 361
945 -82 404 335 284 290 367 363
957 -74 411 335 285 288 369 360
961 -86 396 337 287 292 364 360
957 -94 396 330 285 291 369 361
949 -78 400 330 283 291 364 361
949 -90 392 334 286 290 363 361
961 -82 400 336 285 291 366 359
957 -74 396 334 290 292 365 356
949 -78 380 332 289 292 367 355
964 -70 400 333 287 295 366 359
957 -82 400 332 287 292 368 361
964 -74 388 333 284 292 363 361
953 -70 396 330 289 293 367 362
961 -66 396 330 286 292 365 360
953 -70 396 332 287 294 365 364
961 -78 400 335 288 293 362 359
949 -70 404 334 290 295 370 366
941 -54 396 334 290 294 365 361
957 -47 407 331 287 292 367 358
964 -50 388 333 289 291 363 356
957 -62 396 334 290 295 362 358
968 -58 384 333 290 295 369 362
957 -74 388 332 290 294 367 359
953 -66 404 332 287 294 367 363
949 -58 376 331 287 293 367 360
953 -54 388 329 283 293 362 360
953 -54 396 331 289 296 367 366
961 -62 392 329 288 292 365 362
953 -66 396 330 288 292 366 361
961 -58 388 332 285 292 364 359
953 -47 388 334 291 294 365 358
953 -54 396 332 289 291 363 357
953 -47 372 333 291 295 367 359
953 -54 376 331 288 295 365 365
945 -62 396 332 287 292 368 362
949 -54 388 331 287 295 366 362
941 -43 392 331 287 292 367 360
957 -58 407 327 285 290 363 360
957 -50 404 331 286 291 360 358
953 -54 396 332 289 295 369 360
949 -50 392 330 288 294 365 359
945 -62 392 329 287 292 364 361
949 -54 372 329 285 293 365 359
957 -54 388 332 286 293 365 360
964 -47 388 332 286 293 364 359
957 -58 388 334 287 293 364 360
957 -58 396 332 286 291 364 359
949 -58 404 332 290 296 367 360
949 -54 392 327 285 291 362 360
949 -54 388 332 289 294 368 363
945 -66 396 331 286 293 363 360
949 -62 392 333 291 294 367 356
953 -58 392 332 290 293 363 358
953 -50 400 333 291 299 372 367
953 -43 400 332 289 298 372 369
949 -50 400 332 289 296 369 360
957 -47 392 331 288 296 367 363
961 -47 380 330 288 293 366 362
957 -54 384 330 285 292 367 363
953 -54 384 331 288 295 366 363
957 -54 388 329 284 290 363 359
949 -54 388 335 289 297 366 358
957 -50 392 332 288 295 366 365
957 -47 400 335 288 292 363 357
953 -54 396 332 289 293 362 358
953 -58 400 332 290 296 369 365
957 -50 396 332 287 295 366 365
949 -58 400 328 287 293 365 360
949 -50 400 330 288 294 367 364
953 -47 388 330 290 296 365 362
961 -47 388 330 289 294 369 361
953 -54 388 333 290 296 367 363
953 -50 400 330 287 292 367 362
941 -62 400 332 289 296 367 366
949 -74 404 334 289 295 363 360
945 -50 392 334 287 292 362 359
957 -50 388 333 290 299 363 359
961 -43 384 334 287 295 361 358
957 -54 384 329 288 293 365 362
953 -58 396 331 287 294 365 361
964 -58 404 332 287 294 364 364
961 -54 388 332 287 294 366 358
941 -47 392 330 287 293 364 363
10.011266469955444