953 -35 400 331 288 291 365 348
961 -15 392 329 286 293 369 351
949 -19 388 330 287 294 367 351
953 -19 396 329 286 292 366 352
949 -35 404 328 286 293 366 356
945 -23 404 328 288 289 367 351
949 -35 411 329 285 291 366 351
945 -11 400 328 284 292 363 350
953 -15 380 330 287 294 369 358
945 -31 392 330 287 292 367 353
964 -27 376 329 288 292 366 352
961 -27 392 332 288 294 370 356
953 -43 404 327 283 291 366 355
937 -31 396 326 281 286 361 350
953 -15 380 331 288 295 366 352
949 -19 384 330 285 294 366 362
957 -23 388 328 284 292 366 356
968 -31 376 329 283 292 365 358
953 0 407 330 287 296 366 353
933 -3 431 328 284 293 366 359
949 -3 423 325 284 292 363 358
964 -23 415 328 283 292 365 354
957 -47 396 327 284 292 363 354
945 -23 388 327 284 291 365 358
945 -27 384 328 285 288 364 354
953 -19 372 332 288 291 366 354
961 -31 384 330 287 290 362 354
957 -35 372 329 287 292 362 352
953 -35 388 332 285 293 362 355
957 -23 384 329 286 293 367 360
968 -27 392 327 284 294 363 360
961 -31 384 326 285 291 365 356
957 -23 376 324 284 290 362 357
961 -35 388 329 284 293 364 358
945 -27 380 330 287 293 365 352
953 -23 380 329 286 294 367 357
945 -39 380 326 284 293 365 358
953 -47 364 329 286 295 362 353
964 -31 356 329 284 293 365 360
964 -27 360 326 284 290 365 357
957 -19 368 327 284 291 363 358
968 -15 380 326 285 292 364 361
968 -15 372 324 284 290 363 354
961 -23 384 329 286 291 361 358
953 -35 380 328 284 290 363 356
945 -23 380 322 281 288 361 353
953 -27 364 325 281 286 359 351
972 -39 380 330 286 290 363 356
964 -47 380 331 286 290 363 354
949 -39 396 330 287 290 364 355
953 -27 404 331 288 294 362 353
961 -35 396 330 287 295 364 355
957 -19 388 329 287 295 366 361
957 -27 364 329 286 294 366 361
957 -19 360 330 285 294 367 359
957 -19 384 329 288 295 365 354
957 -19 388 329 288 296 367 359
957 -27 380 325 286 290 365 357
957 -31 380 324 283 291 362 355
964 -23 392 327 285 290 358 351
957 -23 384 326 284 290 365 354
949 -27 376 327 287 293 367 359
964 -23 372 328 284 292 364 359
961 -47 384 328 284 292 365 357
945 -19 380 330 288 297 370 360
957 -27 392 329 288 295 364 353
957 -19 384 330 288 295 368 362
961 -15 368 330 286 295 365 356
961 -50 388 328 284 292 364 354
953 -35 384 330 287 296 368 364
957 -31 384 329 286 295 364 360
953 -35 388 329 288 294 370 359
957 -35 388 328 288 293 367 360
961 -27 380 328 286 295 366 362
964 -31 364 331 290 295 364 354
968 -23 380 328 284 292 365 356
961 -27 388 323 281 290 361 354
949 -31 380 328 287 292 367 357
957 -27 384 326 284 292 362 357
957 -19 388 324 280 289 358 354
957 -27 388 327 283 294 364 356
953 -31 380 329 284 293 363 358
968 -27 380 329 285 292 364 357
961 -27 396 329 286 289 364 354
949 -23 384 330 290 298 367 361
945 -27 392 329 286 293 363 356
10.007352590560913