968 -113 376 332 286 291 298 350
961 -105 360 330 282 291 295 348
961 -109 368 331 282 289 294 347
964 -125 372 333 285 292 296 350
964 -121 372 331 285 294 296 354
961 -117 364 334 286 291 296 351
964 -117 376 333 284 292 296 350
957 -109 372 332 287 292 296 353
961 -109 368 333 287 293 299 352
957 -105 368 335 287 294 300 356
964 -109 356 335 289 295 300 358
968 -125 368 333 286 292 298 352
961 -117 376 332 287 291 298 350
957 -113 372 333 286 292 296 350
957 -109 368 330 283 288 292 344
972 -113 356 329 284 289 294 349
972 -117 353 335 288 295 299 354
968 -109 353 335 287 293 295 349
957 -125 372 334 289 292 295 346
961 -125 372 338 287 297 297 351
953 -137 392 336 290 297 303 355
964 -117 376 335 290 291 295 347
968 -117 364 336 287 295 299 352
964 -98 368 336 288 293 295 349
972 -94 353 335 288 294 302 356
968 -94 356 337 289 295 296 348
961 -101 364 336 288 296 298 351
972 -94 353 337 288 297 298 350
972 -98 356 336 290 295 301 350
964 -105 364 334 288 291 298 352
957 -117 372 336 287 295 298 350
961 -125 364 338 288 292 295 352
957 -121 368 331 281 290 295 348
953 -129 376 330 284 290 295 351
961 -121 388 334 283 292 295 349
961 -117 380 332 285 290 297 347
964 -109 380 332 285 293 295 351
961 -113 380 333 284 292 299 352
968 -129 384 334 287 294 297 355
964 -129 372 335 285 293 298 353
961 -117 364 332 285 293 296 351
953 -109 372 335 288 291 293 350
961 -117 372 336 286 292 294 348
968 -129 360 335 288 296 299 350
961 -121 364 337 289 292 294 349
968 -121 380 334 284 290 295 349
964 -105 384 331 285 293 297 349
957 -98 372 332 284 292 297 350
968 -105 380 331 285 293 297 350
964 -101 376 334 287 292 297 350
964 -101 376 334 283 288 293 347
964 -117 376 335 285 290 293 346
964 -109 368 337 290 295 298 351
961 -105 364 334 288 296 302 357
961 -113 360 334 286 295 298 354
972 -113 384 331 287 293 299 354
964 -121 392 335 287 294 299 353
957 -105 384 335 287 296 298 348
961 -105 368 336 289 292 296 349
964 -109 368 334 284 290 296 350
957 -113 356 331 284 292 296 352
957 -117 349 331 283 293 297 350
957 -125 356 336 286 293 298 351
964 -121 376 330 282 287 293 344
953 -117 372 334 285 290 296 350
961 -113 372 334 285 293 297 353
968 -109 376 335 287 293 299 354
957 -113 376 333 287 294 300 354
957 -117 380 336 288 296 302 358
953 -125 380 334 289 292 296 350
953 -117 360 336 285 291 298 347
953 -117 360 330 285 290 296 350
953 -121 368 334 285 293 297 353
961 -121 364 333 284 290 294 344
961 -113 360 333 285 288 294 344
976 -109 372 334 283 292 297 351
964 -113 388 338 290 295 296 351
957 -129 353 337 288 291 297 350
957 -129 356 336 288 293 295 350
957 -121 376 337 288 296 299 352
953 -121 372 332 286 292 297 350
961 -121 380 332 286 293 298 351
957 -125 376 334 284 293 296 351
949 -121 380 334 288 294 301 354
957 -129 368 332 286 294 298 351
957 -121 384 338 287 297 297 350
964 -121 364 337 288 296 301 354
961 -125 368 336 287 295 299 350
961 -129 368 334 289 293 298 346
968 -125 368 339 287 292 296 351
961 -133 376 333 284 292 297 351
961 -129 384 334 285 292 298 351
957 -129 384 334 287 293 301 351
957 -117 392 336 287 296 298 350
957 -121 388 337 288 297 298 347
957 -113 372 337 291 294 298 350
964 -113 368 336 288 292 296 349
961 -117 368 335 283 291 297 349
964 -133 388 333 287 293 297 354
953 -129 380 332 284 292 298 350
953 -133 384 334 288 293 300 350
949 -117 368 333 286 292 298 350
961 -121 368 332 286 292 297 350
964 -125 372 335 283 289 291 348
961 -141 372 335 285 292 298 351
968 -137 388 337 287 292 297 351
968 -125 380 332 284 293 298 349
961 -121 380 334 286 295 298 355
964 -125 384 333 286 294 298 352
961 -101 364 336 288 296 299 357
980 -101 349 334 288 294 301 354
988 -125 380 337 289 294 300 354
961 -152 423 336 289 297 299 359
953 -121 313 337 285 292 296 354
964 -117 313 337 285 292 297 351
988 -113 349 335 286 291 292 347
988 -109 368 332 287 291 297 353
988 -109 404 334 287 294 300 352
984 -98 404 336 286 295 298 355
968 -125 372 334 285 291 297 350
945 -149 333 333 288 294 299 352
913 -98 333 338 288 296 299 350
933 -94 349 335 288 294 300 351
961 -125 349 335 287 294 299 354
968 -113 337 332 284 290 297 351
992 -113 345 337 289 293 296 346
980 -109 392 337 289 297 302 357
980 -109 400 336 289 297 303 357
1000 -137 376 336 289 295 301 353
984 -152 376 335 284 293 299 352
1000 -70 356 337 289 295 299 353
992 -101 364 335 286 291 294 351
984 -109 353 339 286 292 297 350
976 -105 349 335 284 291 297 349
976 -94 337 333 283 290 292 349
968 -86 325 333 287 291 295 348
964 -98 341 331 285 294 299 352
968 -109 345 332 287 292 299 351
972 -117 353 333 287 293 300 350
972 -113 356 333 288 292 298 349
968 -98 345 334 286 293 298 352
968 -78 345 335 284 295 298 355
980 -66 325 337 289 294 299 352
976 -82 345 337 288 292 297 347
10.011669158935547