804 0 835 335 288 387 386 352
576 368 674 334 289 387 386 353
580 325 721 336 290 385 390 350
608 341 682 335 289 385 388 353
447 160 929 334 290 382 385 353
427 215 957 335 290 380 379 347
372 243 984 334 291 376 380 347
380 313 1008 334 292 379 377 348
537 364 1004 331 286 374 378 346
674 404 1004 327 286 376 374 346
694 349 890 332 293 377 372 343
757 203 819 333 292 375 369 344
760 50 753 333 289 371 369 343
760 -125 706 334 294 380 371 345
780 -184 666 331 286 370 371 344
717 -211 611 332 294 379 377 346
666 -278 639 331 292 377 376 348
533 -39 992 325 284 368 367 336
537 -239 1098 331 287 373 372 344
564 -215 1094 327 289 372 373 344
494 -172 1070 331 289 376 373 348
478 -188 1082 333 290 375 371 342
525 -266 1114 331 286 372 373 344
545 -282 1078 330 288 374 374 347
545 -290 1039 331 291 375 378 349
529 -274 988 334 288 373 371 344
498 -262 972 331 287 371 372 342
474 -211 921 333 288 372 370 344
466 -152 843 328 286 373 371 343
474 -43 804 329 288 371 373 346
490 321 753 330 287 371 371 344
451 513 874 326 286 373 371 342
451 478 910 326 284 371 373 341
525 490 847 330 286 374 372 345
757 -219 702 329 291 370 366 345
757 -270 741 332 289 374 369 347
741 -298 741 331 289 374 368 345
721 -258 713 329 290 373 369 344
706 -251 733 330 289 373 370 344
686 -294 760 332 289 371 364 342
698 -368 741 332 287 370 364 338
713 -388 666 329 286 368 368 342
749 -325 615 327 288 369 366 341
729 90 553 328 290 372 370 347
690 294 596 330 288 370 367 343
623 431 639 333 288 371 364 341
639 580 694 332 291 371 367 339
635 694 560 328 287 369 362 342
713 439 619 326 286 371 367 340
725 380 521 328 287 369 366 343
682 313 506 333 290 371 366 343
627 254 525 331 285 371 360 337
588 211 576 330 292 373 363 340
533 113 800 330 292 373 370 342
541 31 874 330 291 371 370 348
537 -58 961 330 289 372 368 346
537 -156 1012 330 289 370 369 343
557 -254 1125 329 287 370 365 340
537 -376 1172 328 286 370 366 343
494 -482 1200 327 288 366 368 341
506 -439 1149 329 290 372 368 344
490 -341 1066 332 291 369 364 341
462 -258 1008 326 286 363 363 338
443 -184 910 325 287 368 367 338
470 70 866 331 288 370 364 343
458 274 804 329 288 367 367 340
451 435 815 331 288 369 366 340
466 553 800 331 291 367 364 338
678 -11 710 330 291 373 362 339
639 211 690 329 290 372 367 341
686 404 772 330 292 371 366 341
557 600 458 326 289 367 363 339
517 568 631 330 291 370 359 341
564 502 639 331 290 369 361 336
643 494 572 331 290 368 364 339
686 415 509 331 292 372 364 337
686 353 513 331 290 371 362 336
662 325 517 330 293 371 364 338
580 298 513 330 290 372 367 340
596 219 604 330 291 372 366 339
584 160 694 329 292 371 365 338
568 98 784 330 291 371 365 339
592 35 870 327 291 370 364 342
588 -50 949 331 285 367 362 341
529 -196 1059 327 287 367 362 339
529 -247 1114 330 292 371 367 342
529 -298 1153 324 285 368 362 341
525 235 921 328 290 368 365 336
584 152 957 328 293 367 365 341
604 137 945 329 292 370 367 346
666 35 929 327 291 369 361 345
635 -23 804 327 290 367 362 342
615 -149 768 324 290 362 360 339
608 -180 745 326 286 365 358 341
604 -192 725 325 288 364 362 336
608 -188 706 327 288 368 361 342
608 -223 694 325 288 367 360 341
639 -270 749 327 288 366 362 341
651 -329 796 329 290 367 362 343
670 -372 862 328 291 370 363 344
666 -443 921 321 286 362 359 338
706 -455 839 325 283 362 357 336
647 -329 776 328 288 367 361 341
604 -47 706 328 288 366 358 339
557 427 549 329 290 364 361 337
557 521 557 324 288 366 360 339
576 490 694 326 290 367 362 341
576 572 678 328 290 370 363 343
572 651 576 330 291 370 369 342
608 615 553 330 292 368 363 338
643 517 525 327 287 367 360 338
678 439 529 325 287 362 358 333
659 384 415 327 289 367 362 340
651 325 435 325 290 364 363 339
592 251 513 331 290 365 358 338
10.014246225357056