1012 -58 74 310 380 356 358 361
1015 -15 82 308 379 354 359 358
1012 -15 98 309 378 351 356 358
1008 -3 86 315 384 356 359 358
1023 -11 90 309 380 356 359 361
1012 -3 78 308 380 356 360 362
1019 -19 78 307 373 351 353 356
1012 -7 74 308 374 348 353 352
1015 -15 86 311 379 352 356 357
1015 -23 90 312 379 353 353 352
1039 -15 70 312 379 353 358 359
1012 -3 70 312 380 353 357 356
1012 -31 90 309 376 350 354 357
1047 -54 74 309 372 345 350 351
1008 -15 78 312 378 352 357 356
1035 -23 70 311 374 349 352 355
1008 3 35 313 381 350 353 351
972 3 66 312 379 353 357 352
1027 -31 47 311 376 350 355 356
1035 -23 50 309 376 351 353 354
992 0 39 311 377 351 356 356
1004 -7 54 312 379 353 357 359
1015 -11 54 311 377 351 355 357
1012 0 70 308 376 349 353 355
1015 -7 66 312 376 351 355 356
1027 -15 47 307 374 348 354 352
1043 -19 50 309 375 350 355 355
1012 11 54 314 376 349 351 353
1027 -3 54 313 378 353 356 356
1051 -58 70 314 378 355 354 360
1015 3 39 312 379 351 356 359
1023 -27 58 312 376 351 354 357
1004 -43 70 309 375 350 351 355
1012 -15 78 309 376 350 353 355
1012 -35 98 315 382 353 354 355
1000 -31 86 312 377 350 355 354
976 -101 196 316 381 351 354 356
1039 -58 133 312 377 350 353 356
1031 -74 137 311 376 350 354 354
961 -98 196 312 376 352 356 359
1055 -121 168 309 376 353 355 356
1000 -58 168 311 377 352 356 358
976 -7 164 310 379 351 358 358
1047 -101 160 310 379 351 357 360
1019 -74 149 313 381 353 359 364
949 -74 203 312 379 352 358 362
1051 -145 192 307 375 349 353 356
968 -35 105 314 381 354 357 356
1015 -117 149 313 377 350 357 358
1110 -66 54 313 378 350 356 356
949 86 70 313 377 351 355 357
976 31 70 310 375 348 351 355
1070 -7 -3 314 378 349 352 351
1047 -27 -35 314 374 347 353 358
1015 -54 0 309 368 343 348 354
1082 -47 -23 313 372 349 350 357
910 101 -39 314 370 347 350 357
996 -27 -7 314 371 345 351 355
1043 0 -70 311 370 345 349 354
945 62 -98 318 376 346 349 353
1043 43 -86 316 375 348 352 351
929 109 3 317 376 350 351 353
874 235 94 315 376 348 353 358
1027 278 11 319 373 346 349 354
980 294 15 317 375 346 348 351
957 305 -15 311 368 343 349 353
1031 278 -70 313 370 347 350 354
949 337 -50 313 371 348 351 357
1019 211 -35 315 372 348 350 355
1043 219 -58 316 375 349 352 357
1066 141 -19 317 375 351 351 351
1239 211 -168 316 376 350 353 354
576 223 113 317 378 351 354 355
1106 133 11 317 377 351 354 354
1161 266 -101 315 377 351 352 353
541 43 333 315 379 353 354 353
1314 -23 392 314 377 352 351 353
1074 196 341 314 378 352 350 351
745 282 290 316 379 352 354 352
749 78 415 316 378 353 353 354
1035 -129 -47 318 371 343 345 354
1074 -78 -58 318 372 342 347 351
1008 -19 -141 319 372 345 346 351
1055 -109 -129 323 372 343 347 355
1063 -121 -219 319 372 344 348 349
968 -152 -192 314 368 342 347 354
961 -125 -164 316 370 343 350 356
1059 -211 -125 313 365 340 347 350
984 -164 -168 317 371 345 350 352
1000 -105 -203 320 372 344 346 351
1039 90 -129 316 370 347 348 353
910 47 11 313 370 344 348 350
1059 47 -70 317 371 344 345 348
1082 58 -129 318 376 347 346 348
772 82 -19 318 374 344 346 350
1008 0 31 317 374 350 347 347
1004 54 -3 316 375 349 352 358
1004 117 -19 314 375 348 350 354
1059 3 3 315 376 349 352 357
1086 35 -11 316 376 349 350 352
988 86 0 315 376 348 350 356
968 31 23 313 372 346 346 349
1039 58 -7 315 378 346 347 348
898 11 86 313 377 347 350 353
976 78 66 313 376 346 347 352
957 74 133 313 373 345 347 350
890 35 200 317 378 346 346 350
1000 35 203 316 378 348 346 348
1012 43 176 317 380 349 346 349
992 54 207 312 375 345 346 345
1012 43 164 313 372 345 347 349
1098 35 74 314 374 348 349 353
1063 31 19 315 376 346 344 348
992 19 50 314 374 346 349 350
1106 7 -31 311 371 344 346 349
984 66 11 318 376 345 344 348
10.116737604141235