1019 -137 184 361 309 305 310 294
1008 -125 164 359 308 304 307 289
1004 -121 152 361 304 300 305 290
1004 -156 168 357 305 303 306 291
1015 -168 168 357 306 302 308 291
1000 -137 152 360 307 304 309 293
1004 -145 164 362 309 306 310 294
1015 -145 149 360 308 305 309 294
988 -113 141 360 308 305 308 291
996 -141 172 361 307 306 307 289
1015 -133 152 361 309 304 305 290
1023 -137 149 359 305 302 307 291
1031 -149 149 357 305 303 305 291
1031 -149 152 359 309 304 306 292
1059 -121 113 359 309 304 306 294
1031 -90 94 355 303 300 306 296
1066 -105 145 355 302 302 302 293
1012 -105 149 354 305 304 306 295
1059 -98 98 356 307 305 306 294
1043 -117 98 355 306 304 307 295
1004 -74 58 357 308 304 304 292
980 -62 82 357 308 305 307 294
1043 -109 50 354 307 303 307 297
1051 -105 35 354 306 304 306 296
1004 -98 50 355 307 304 307 298
1043 -109 74 351 303 302 304 295
1031 -129 74 354 305 304 305 296
984 -101 94 354 306 302 306 294
1019 -82 78 352 304 302 304 294
1035 -70 54 352 305 301 304 293
1004 -82 82 350 302 300 303 292
1019 -94 78 350 301 298 301 290
1039 -105 82 352 305 299 300 288
1008 -86 82 357 307 301 305 294
1023 -94 86 354 307 304 307 296
1004 -50 70 355 308 304 308 296
1015 -66 82 357 306 301 303 293
1066 -86 66 356 308 302 303 290
1019 -66 62 355 307 305 304 292
1000 -78 98 352 306 303 303 294
1090 -94 82 353 304 300 303 292
992 -82 133 357 306 301 302 291
988 -86 156 353 305 301 299 286
1063 -101 160 355 307 305 304 292
941 -66 160 355 307 304 307 291
1031 -78 176 355 307 304 306 295
984 -70 180 353 305 302 305 291
1000 -70 172 354 306 302 305 292
1043 -90 172 353 305 302 304 291
1012 -94 152 352 303 299 303 289
992 -86 141 351 303 301 304 290
1008 -86 168 350 302 299 302 288
1047 -90 152 349 303 300 302 289
1008 -58 133 351 306 302 305 291
1015 -62 137 354 306 303 305 292
1008 -94 141 352 305 302 304 291
1015 -82 145 353 307 303 306 293
1012 -62 98 354 305 302 304 290
1019 -74 94 352 304 302 304 290
1008 -78 109 354 304 301 303 291
1012 -172 200 348 304 300 302 283
992 -180 192 356 306 300 304 287
1035 -254 196 352 305 300 303 286
1004 -274 152 352 304 299 301 284
972 -282 168 350 306 303 307 293
1004 -290 215 352 307 305 308 295
1043 -262 156 352 307 304 305 289
972 -203 149 357 308 302 304 289
988 -160 129 349 305 301 302 287
1015 -94 105 347 304 301 306 291
1023 -133 125 352 305 303 306 295
1047 -172 149 354 305 301 303 292
1043 -141 82 351 306 302 306 294
1035 -152 82 350 306 303 306 295
1015 -105 54 350 308 305 310 299
1004 -113 74 347 306 301 308 294
1019 -109 47 350 305 302 305 294
1027 -141 58 350 308 304 307 292
1019 -137 58 350 307 304 306 291
1004 -90 54 351 307 302 305 291
980 -47 15 349 306 303 309 296
1012 -90 47 348 306 302 308 296
1055 -129 70 348 306 303 308 294
1031 -109 66 350 306 303 309 293
1000 -50 43 350 305 299 306 292
1008 -58 27 351 307 305 311 297
976 -11 31 350 307 304 310 294
1000 -39 35 350 306 303 308 296
1039 -82 50 348 306 302 309 294
1035 -90 58 346 306 302 307 294
1035 -117 82 346 306 302 307 294
1066 -156 47 348 306 302 308 295
1027 -145 23 351 308 304 307 292
1035 -164 62 351 308 303 305 291
1015 -137 94 352 308 301 306 291
1066 -133 74 346 305 301 307 293
996 -62 31 345 303 301 306 291
1015 -94 47 349 305 303 308 295
992 -58 54 348 307 303 309 297
992 -74 50 348 305 300 306 293
1000 -74 43 351 307 301 305 292
1043 -133 50 351 308 304 306 291
1027 -133 39 351 309 301 305 293
1055 -149 47 351 307 300 306 292
1035 -109 50 349 303 302 306 294
1039 -101 62 352 307 301 306 294
1015 -78 54 351 309 303 306 292
1051 -101 43 349 305 303 307 299
1015 -125 47 348 305 304 306 301
1012 -121 94 350 308 306 307 299
1023 -109 66 347 305 302 305 301
1008 -98 47 348 307 301 306 300
961 -86 70 348 306 303 305 301
1043 -113 101 348 305 303 304 300
1063 -113 70 348 307 303 307 303
10.002121448516846