988 -172 254 305 360 357 317 336
996 -164 262 296 351 347 307 327
1000 -180 270 300 354 347 309 324
988 -149 231 300 356 351 309 324
980 -164 243 301 356 347 306 326
992 -160 254 297 350 349 309 325
1008 -160 247 297 354 348 308 327
980 -149 243 297 353 347 310 327
976 -172 243 297 354 350 310 330
996 -176 251 299 356 351 309 325
972 -184 247 301 358 350 309 325
996 -184 254 297 354 348 309 327
1008 -180 239 297 355 349 311 330
988 -188 235 300 357 352 314 328
996 -184 211 299 355 350 311 327
1004 -211 227 301 355 351 313 333
1000 -192 227 301 356 351 312 332
996 -164 207 301 356 351 307 324
1000 -184 239 301 356 349 306 325
1012 -203 239 300 352 347 308 326
1004 -207 243 297 353 347 307 326
992 -203 243 301 356 350 311 330
1031 -235 211 303 356 352 311 328
1004 -203 192 297 353 349 310 325
984 -231 180 298 350 348 308 324
992 -235 196 300 354 351 312 328
1000 -219 168 299 352 351 310 327
984 -251 211 301 355 352 314 328
1004 -235 207 300 353 350 313 327
1004 -239 200 305 358 353 316 328
1008 -203 176 303 352 348 310 324
1004 -219 192 300 353 351 312 325
1012 -184 168 301 353 351 313 328
1004 -211 152 304 352 350 311 324
980 -235 180 301 352 347 308 322
996 -227 188 301 353 351 310 321
992 -247 200 303 357 351 312 322
992 -254 200 305 357 352 309 325
1004 -235 188 301 351 350 310 325
1008 -223 188 301 353 350 312 327
996 -235 184 302 355 352 314 328
1015 -219 176 305 354 349 311 326
1012 -227 184 301 354 352 314 328
1000 -231 168 304 356 352 312 323
984 -223 180 300 352 350 311 326
1004 -215 196 300 353 349 311 326
1004 -215 184 303 356 352 310 323
996 -211 176 304 355 349 310 325
1019 -223 188 302 352 351 308 321
1035 -231 172 302 353 350 308 321
996 -235 180 300 353 352 312 327
996 -231 184 300 353 350 312 327
972 -211 180 299 353 349 312 326
984 -247 184 301 351 352 312 327
996 -231 168 303 356 354 316 330
996 -235 145 302 355 353 314 327
992 -243 172 302 356 352 313 323
996 -235 172 303 354 350 310 325
1004 -251 196 300 351 350 312 325
1004 -219 145 300 352 351 313 327
996 -254 168 302 354 352 315 330
1004 -247 180 301 354 353 315 329
1008 -219 172 303 356 350 311 325
988 -227 180 298 352 350 312 327
996 -223 207 299 352 351 315 328
1031 -223 176 299 354 353 316 331
1015 -211 160 300 354 354 317 331
1008 -247 176 302 357 354 314 327
1004 -227 196 303 354 350 314 328
1027 -215 176 298 354 351 316 331
1012 -203 156 299 360 359 326 337
988 -223 160 300 360 360 323 331
1004 -227 164 301 361 358 322 333
1012 -231 149 298 357 358 323 333
984 -227 168 301 361 358 323 332
1008 -227 149 299 355 355 319 332
984 -231 145 301 359 356 323 334
957 -156 129 300 360 359 323 331
1019 -235 184 300 361 359 321 331
1031 -266 168 301 357 356 321 333
1039 -223 35 301 363 360 324 332
1012 -176 19 296 359 357 325 335
1008 -180 27 296 357 356 324 334
992 -152 -3 297 359 357 323 337
1023 -172 -11 297 359 357 325 335
988 -137 -39 296 357 355 321 333
1023 -188 3 296 356 354 322 333
1043 -133 -19 294 357 357 323 334
1015 -129 0 295 357 356 324 335
1031 -341 90 296 356 353 320 331
992 -262 50 297 360 355 323 330
933 -90 -15 298 359 355 321 330
1063 -360 90 300 361 354 320 332
1008 -227 -31 296 357 354 322 333
925 -337 74 296 357 355 322 333
992 -239 -23 296 357 354 322 334
1031 -192 -31 297 357 353 322 335
941 -219 47 297 358 354 323 335
1008 -239 50 297 357 355 323 336
1055 -231 39 296 356 353 321 334
996 -227 31 298 358 355 323 336
1027 -243 23 296 358 351 322 331
1019 -251 27 297 357 353 322 334
1000 -251 15 289 353 346 318 330
1023 -266 23 300 360 356 324 334
992 -247 15 298 358 356 323 333
988 -223 15 298 359 355 323 332
10.796774864196777