1015 -235 -35 385 383 368 353 374
1008 -274 11 386 382 366 349 369
1012 -231 3 387 381 365 350 371
1008 -235 -3 383 377 364 347 369
1015 -235 -11 382 377 365 348 370
1023 -219 -27 382 379 364 350 371
1012 -219 -15 385 381 369 350 368
1012 -219 -3 386 384 369 353 368
1008 -200 -31 383 380 367 352 372
996 -207 -27 385 382 367 348 368
1000 -223 -11 386 381 366 347 369
1015 -254 -15 379 377 364 348 370
996 -223 -15 386 382 369 350 369
996 -231 -7 386 381 367 347 369
1008 -235 -11 385 379 363 350 370
1015 -247 -11 379 378 365 349 372
1008 -211 -19 380 378 365 349 369
1019 -231 -3 378 374 365 347 367
1008 -231 -27 380 379 365 350 372
1012 -231 -27 384 380 368 353 374
1027 -231 -3 381 379 367 351 373
1008 -207 -19 383 379 367 351 373
1015 -227 -7 384 382 367 352 373
1000 -211 -15 384 378 364 351 370
1008 -231 -15 378 373 356 343 363
1015 -243 -35 379 378 365 350 370
1012 -231 -39 383 381 369 353 376
1019 -239 -43 382 381 367 353 376
1004 -243 -47 377 376 364 348 372
1004 -235 -54 382 379 368 352 376
1000 -219 -50 381 381 367 353 376
1004 -215 -47 384 382 368 348 368
1012 -215 -43 383 381 366 347 367
1004 -196 -35 381 380 368 349 369
1012 -203 -27 384 380 364 347 369
1012 -207 -47 378 378 364 350 370
996 -200 -43 380 376 363 344 362
1019 -215 -43 380 378 365 350 371
1012 -215 -50 381 380 366 351 372
1008 -211 -43 382 380 368 351 376
1012 -215 -39 383 380 369 349 368
1012 -211 -54 385 379 365 347 370
1008 -203 -58 385 379 364 347 369
1008 -196 -47 379 377 366 348 370
1012 -219 -39 382 378 367 350 372
1004 -196 -50 381 378 365 349 371
1012 -203 -62 378 377 365 347 370
1000 -207 -43 380 376 363 341 364
1008 -200 -50 381 379 367 350 373
1012 -196 -50 380 379 366 349 373
1012 -203 -50 383 380 363 346 367
1015 -200 -62 382 379 362 347 369
1015 -223 -39 384 380 363 347 366
1012 -196 -43 379 379 367 350 371
1012 -192 -43 382 379 368 350 371
1015 -200 -50 382 382 367 348 367
1019 -203 -43 382 379 365 345 365
1012 -196 -50 380 378 366 347 371
1004 -192 -35 379 378 365 349 371
1015 -188 -54 382 378 363 347 369
1004 -200 -47 382 380 368 352 374
1008 -184 -58 382 380 368 349 369
1015 -203 -50 380 377 365 351 371
1008 -196 -35 379 378 366 350 372
1019 -196 -35 381 380 368 350 370
1012 -196 -47 382 381 366 348 366
1008 -207 -39 383 380 366 346 367
1008 -207 -47 383 381 370 352 371
1008 -207 -39 382 381 368 349 366
1008 -211 -50 384 380 365 346 367
1004 -180 -15 383 380 370 351 376
1008 -200 -39 380 380 367 351 374
1012 -211 -54 379 378 367 349 372
1004 -200 -54 373 374 361 346 367
1000 -172 -50 377 374 364 346 368
1012 -211 -35 379 379 366 348 371
1015 -223 -31 381 378 367 350 370
996 -188 -31 382 379 367 348 367
1000 -196 -31 382 380 365 346 366
1008 -231 -23 380 376 364 347 368
1015 -247 -39 378 377 365 347 370
1008 -215 -35 380 379 365 348 370
1012 -203 -43 383 381 368 348 365
1004 -211 -39 382 378 368 351 373
1015 -188 -47 383 380 369 352 376
1012 -188 -39 383 379 369 348 367
1008 -211 -35 383 377 364 347 367
1012 -211 -58 380 377 364 343 363
1012 -215 -50 378 377 365 344 364
1008 -200 -50 383 379 365 347 368
1012 -203 -27 380 375 364 346 367
1015 -196 -43 378 377 365 348 370
1004 -188 -66 378 374 365 346 368
1015 -219 -39 377 375 366 348 368
1008 -192 -35 384 382 368 347 368
1004 -200 -27 382 380 367 348 365
1004 -223 -54 383 380 369 347 367
1000 -231 -54 382 380 369 349 367
1012 -231 -50 384 380 365 346 368
1012 -215 -43 381 376 366 346 367
1012 -207 -19 379 377 365 347 370
1023 -219 -23 380 377 366 348 370
1012 -200 -50 381 379 368 349 372
1008 -188 -58 382 380 368 350 368
1012 -219 -50 384 382 369 350 366
1004 -203 -58 381 379 368 351 370
1004 -207 -43 378 376 366 346 368
1012 -231 -43 385 381 368 348 364
1015 -223 -31 382 381 368 346 365
1019 -207 -27 378 375 364 346 367
1008 -172 -43 380 379 365 349 368
1008 -168 -43 380 378 367 350 370
1004 -172 -39 383 379 370 350 367
1004 -188 -35 384 379 365 346 368
1008 -203 -31 377 377 365 348 368
1008 -215 -23 378 377 366 347 368
996 -215 -7 377 374 365 346 369
980 -235 -19 384 377 366 348 367
992 -239 -11 379 376 367 345 369
996 -227 0 377 376 365 348 366
988 -231 47 383 377 365 346 367
1012 -215 43 383 379 364 346 369
1012 -180 43 381 379 366 350 370
1019 -196 15 378 378 365 348 369
1031 -219 23 380 377 367 349 370
1023 -231 7 380 378 369 350 373
1031 -235 15 382 380 368 350 370
1031 -235 35 382 379 369 351 374
980 -219 -98 381 380 369 350 372
996 -274 -43 381 377 367 349 369
996 -254 -58 378 377 367 347 368
10.706720113754272