1008 -270 -74 290 361 312 298 284
972 -262 -86 287 358 311 296 283
984 -258 -105 291 358 311 296 283
1000 -298 -90 290 358 309 294 282
953 -286 -62 290 357 309 292 279
1012 -345 -50 292 359 310 294 282
992 -345 -31 291 358 309 295 280
1047 -266 -27 287 363 310 297 274
972 -223 -27 287 363 312 299 277
988 -239 -15 290 365 315 300 280
1027 -266 0 291 366 314 296 271
1023 -274 -19 291 366 316 299 275
968 -305 0 291 364 310 294 273
996 -325 -94 288 363 313 298 277
949 -302 -101 289 364 312 298 278
1000 -341 -117 290 364 314 298 276
996 -349 -98 291 365 313 295 274
972 -313 -94 290 364 315 297 273
984 -325 -78 285 360 310 296 273
1027 -341 -66 288 362 312 297 275
953 -266 -66 289 363 313 298 277
984 -286 -86 288 362 312 298 275
1031 -294 -82 295 366 312 295 274
976 -239 -90 290 362 311 294 273
996 -231 -109 288 360 311 297 275
1000 -278 -86 293 364 311 295 276
1015 -325 -74 288 361 312 294 277
1000 -239 -141 290 362 313 298 278
968 -160 -145 290 364 314 299 281
1027 -309 -82 289 363 313 299 280
1004 -219 -152 287 360 312 295 278
968 -231 -192 287 362 311 298 279
980 -313 -172 290 361 310 296 277
976 -117 -172 291 360 311 294 274
1000 -152 -160 291 357 309 294 274
996 -129 -160 288 358 311 296 277
980 -125 -192 289 358 313 297 280
976 -113 -207 291 359 313 299 281
992 -200 -164 291 360 313 298 280
972 -211 -180 289 359 313 298 280
984 -274 -137 291 360 312 295 277
1019 -258 -145 290 360 311 294 276
1000 -243 -137 290 356 308 290 275
1004 -254 -133 287 358 309 295 280
1027 -298 -125 290 360 312 297 279
972 -247 -152 291 357 310 295 279
980 -192 -137 289 355 308 292 275
1012 -219 -168 287 356 311 296 280
1008 -258 -160 288 356 310 297 280
968 -262 -156 289 357 312 297 280
992 -239 -168 290 358 313 300 283
945 -203 -164 293 356 308 295 277
1039 -239 -149 293 359 315 298 279
1012 -168 -160 291 355 309 295 277
917 -31 -184 290 353 309 294 279
1023 -152 -149 293 357 309 294 278
1012 -192 -133 282 351 306 291 276
937 -66 -192 286 353 309 293 277
1004 -188 -168 294 359 310 297 282
1023 -290 -94 290 354 309 293 278
1019 -270 -129 290 358 312 299 285
1019 -251 -141 291 358 312 295 279
1004 -254 -133 289 357 312 297 285
1015 -274 -121 292 359 312 294 279
996 -239 -133 290 355 308 294 282
1008 -239 -137 288 355 311 295 283
1004 -302 -94 289 357 312 297 285
992 -286 -121 289 357 312 297 287
972 -251 -156 290 355 311 296 284
996 -290 -145 288 353 310 295 285
976 -270 -172 286 350 307 291 281
972 -251 -188 290 355 312 296 287
996 -262 -172 292 360 316 300 289
976 -262 -145 293 359 312 293 285
980 -227 -156 290 355 310 294 283
1000 -239 -129 288 354 311 294 284
1004 -251 -113 291 358 312 298 288
1004 -251 -129 293 358 310 294 285
1015 -274 -121 287 353 309 291 278
988 -266 -141 286 351 307 293 283
988 -270 -129 287 352 305 292 282
1008 -305 -129 289 356 312 296 290
976 -282 -125 286 348 306 290 284
1004 -298 -125 294 357 311 293 289
1012 -321 -113 291 359 311 295 285
984 -274 -125 292 355 312 294 289
968 -227 -141 290 355 312 296 289
1004 -203 -156 291 358 314 299 292
968 -184 -176 285 351 308 294 287
996 -207 -180 292 357 310 293 285
988 -235 -156 292 359 312 296 285
984 -188 -176 291 357 309 294 286
996 -188 -168 293 357 309 293 286
1004 -203 -156 288 355 309 295 287
972 -192 -172 290 354 312 295 287
1000 -227 -168 289 354 312 295 288
988 -219 -164 286 352 308 294 286
1039 -258 -133 292 358 313 298 292
1004 -168 -152 291 357 314 298 288
984 -117 -168 290 356 308 293 286
992 -141 -152 284 351 306 293 286
1015 -196 -137 290 355 311 296 289
1000 -168 -156 290 355 311 297 291
984 -149 -149 291 358 313 296 288
1004 -149 -156 293 361 314 295 291
984 -149 -164 290 355 311 295 291
1012 -176 -156 290 352 309 294 290
988 -172 -160 289 354 311 294 290
1000 -145 -172 292 357 312 298 291
988 -156 -160 294 355 310 294 290
1004 -184 -168 289 354 310 295 291
1000 -149 -184 289 356 313 297 292
984 -164 -184 293 359 312 294 288
1008 -203 -160 292 358 313 294 288
968 -278 -188 290 359 312 298 295
996 -353 -133 290 359 312 298 294
992 -180 -192 289 353 310 294 287
996 -203 -176 288 348 305 291 283
1023 -203 -184 293 359 314 296 286
961 -164 -172 292 356 310 294 287
1012 -176 -180 290 355 310 295 287
1012 -188 -152 293 358 313 298 287
1015 -180 -168 293 355 309 295 287
972 -133 -211 298 361 311 296 288
988 -196 -188 295 360 313 298 288
988 -180 -188 292 358 312 297 287
996 -200 -176 292 357 312 297 288
1008 -203 -168 293 358 313 297 287
996 -188 -160 291 357 312 297 292
1000 -203 -152 292 358 312 300 292
1000 -211 -168 293 358 312 294 286
1000 -207 -176 290 356 311 295 292
1000 -231 -176 289 354 310 296 290
968 -188 -207 293 359 312 298 295
1004 -278 -152 289 354 310 294 292
984 -231 -168 291 357 310 297 296
980 -196 -176 291 357 311 296 299
1008 -231 -164 293 360 314 298 301
1004 -270 -145 292 357 310 296 298
961 -219 -180 293 360 312 299 299
976 -211 -200 293 361 311 294 296
1008 -298 -152 291 356 311 293 298
1008 -313 -156 291 359 311 296 300
10.956965684890747