372 -98 941 303 323 309 307 307
368 -109 949 297 320 307 308 304
364 -109 941 300 325 311 309 304
360 -125 957 303 324 308 306 304
372 -105 957 303 323 308 306 306
360 -94 945 301 321 305 306 305
368 -109 949 303 321 308 307 304
368 -129 957 300 322 310 309 308
368 -101 949 300 324 310 310 307
372 -86 933 302 325 314 313 309
364 -101 945 301 325 311 309 305
368 -137 957 300 324 310 310 307
380 -121 945 301 325 311 311 309
372 -105 953 302 324 312 310 308
364 -105 957 301 324 311 308 304
372 -98 945 304 325 310 306 305
376 -109 957 304 323 308 307 307
360 -105 941 302 321 307 306 306
376 -117 964 303 323 307 307 306
376 -117 957 299 319 307 309 305
376 -105 933 300 323 309 310 307
372 -117 953 302 319 307 307 305
376 -105 921 300 322 308 308 308
380 -113 949 302 320 310 308 308
388 -109 941 301 321 308 308 305
388 -105 933 298 321 308 306 305
388 -109 937 303 322 308 308 306
388 -109 937 298 321 307 308 306
384 -101 933 300 321 310 308 307
396 -109 937 301 321 310 310 309
392 -113 941 303 324 312 310 308
388 -125 957 301 322 311 309 306
392 -109 937 302 324 308 306 305
384 -109 937 302 321 306 308 303
392 -117 937 303 323 307 307 307
388 -105 937 301 321 307 309 303
388 -113 933 299 321 308 308 306
392 -105 945 302 322 312 309 306
384 -113 937 303 322 312 308 307
396 -121 941 299 320 308 306 303
388 -121 945 302 322 309 305 302
384 -109 941 304 322 308 307 302
388 -121 933 300 321 309 309 308
396 -113 929 299 320 310 307 308
396 -121 953 300 319 309 308 308
384 -109 949 300 320 309 307 307
392 -125 961 299 318 308 306 305
392 -117 941 299 319 309 307 307
392 -113 921 298 317 307 308 304
396 -117 941 300 321 309 309 307
376 -121 953 299 319 308 306 305
396 -133 945 301 320 310 308 307
384 -133 945 300 321 310 309 305
384 -117 933 298 318 308 307 302
404 -117 937 295 313 302 302 300
388 -117 945 303 319 309 307 306
384 -113 933 302 319 309 308 307
380 -129 957 299 321 308 308 306
372 -125 937 299 319 309 308 306
380 -129 945 299 320 311 309 309
388 -133 937 301 323 311 308 304
396 -121 929 303 323 310 306 304
388 -113 961 299 321 309 310 306
376 -101 945 299 321 310 309 307
380 -113 949 302 323 312 309 304
380 -117 933 300 321 311 310 307
400 -117 925 302 323 311 307 304
388 -121 933 302 320 308 307 306
380 -117 941 300 319 306 304 300
380 -117 945 300 319 306 303 302
376 -121 953 297 317 304 304 302
384 -117 945 298 322 311 309 308
388 -125 957 298 319 309 308 307
388 -121 941 299 321 310 309 309
384 -113 945 299 318 309 308 306
384 -105 937 300 320 310 308 308
380 -101 945 300 319 308 307 307
380 -90 941 301 319 310 309 308
376 -105 949 301 319 306 308 305
282 -117 988 297 318 304 302 300
282 -113 984 301 323 309 306 304
290 -113 976 300 318 308 307 306
290 -117 976 297 319 309 306 306
282 -117 976 299 319 307 307 304
196 -184 992 301 322 310 307 305
192 -176 968 301 322 310 308 302
188 -172 976 301 322 310 307 303
176 -176 992 301 320 307 306 305
176 -168 1000 297 317 305 303 301
184 -184 984 305 322 309 308 307
192 -200 1000 300 320 307 306 306
184 -211 1004 298 319 308 308 307
172 -196 1008 300 320 310 310 309
164 -184 1000 300 318 310 308 306
176 -200 1000 299 319 310 310 307
176 -207 1004 301 321 309 306 304
164 -211 1000 297 316 309 307 305
160 -211 1004 299 319 309 308 307
168 -200 992 299 322 310 310 309
149 -203 996 301 320 312 309 304
137 -200 1000 301 321 311 310 306
137 -200 1004 298 317 306 302 302
156 -207 988 291 313 301 302 301
129 -200 992 299 317 309 306 305
117 -188 972 294 315 306 302 302
129 -188 996 297 318 308 306 304
109 -211 1000 298 315 308 305 302
101 -200 1000 296 317 307 306 303
109 -211 1012 297 318 309 305 306
10.822739362716675