721 3 682 320 374 359 314 229
717 -3 686 319 377 364 316 230
729 878 251 321 374 358 322 251
808 702 329 324 371 358 322 249
815 478 305 325 377 359 323 245
866 753 109 326 376 362 325 247
855 627 215 325 377 359 323 243
815 498 247 325 375 356 320 244
870 490 239 319 372 355 322 241
776 498 188 325 374 357 320 241
823 337 227 322 375 359 323 239
776 443 117 323 374 359 323 239
776 380 117 321 372 357 325 242
855 274 145 321 374 356 325 240
819 329 94 322 375 357 325 243
815 317 149 321 373 353 323 241
835 176 227 319 373 351 321 240
866 294 133 319 368 349 317 232
906 282 133 328 378 357 325 239
898 345 117 321 374 357 325 240
843 290 156 319 373 354 321 236
906 427 125 320 371 355 322 236
925 494 156 318 371 355 320 234
961 415 251 317 372 353 320 234
937 439 302 321 373 357 323 234
937 443 325 322 374 359 320 234
1000 270 392 317 372 355 319 236
937 152 490 317 368 350 315 231
870 129 545 317 368 350 315 231
913 62 545 322 377 358 319 234
866 3 584 319 374 359 320 237
831 0 596 317 373 354 319 235
815 7 568 320 372 351 317 232
886 -101 541 319 375 358 322 234
917 -145 521 319 376 358 320 234
835 -149 474 320 376 357 319 234
964 -109 451 315 371 353 320 234
878 -247 490 316 371 355 321 235
753 -243 509 315 368 349 317 232
819 -278 474 318 374 355 323 237
717 -502 541 320 374 354 318 233
772 -407 458 317 370 351 319 234
815 -439 451 319 373 356 320 236
737 -470 458 318 374 355 322 237
796 -494 435 318 373 355 321 233
811 -474 407 317 372 354 319 234
760 -419 376 315 371 353 316 230
760 -470 396 318 371 353 320 229
784 -474 384 316 371 352 317 228
698 -258 278 318 370 353 319 227
729 -506 368 321 372 353 318 224
635 -455 337 317 370 351 317 223
855 -254 356 318 364 344 321 237
835 -490 435 319 364 346 320 234
874 -188 247 322 367 347 320 236
866 -341 317 316 363 347 320 236
906 -447 329 319 369 348 323 237
686 741 458 318 370 352 329 250
855 368 466 318 371 352 330 251
776 486 384 318 370 349 329 252
894 451 368 319 369 352 329 256
917 372 372 319 369 350 329 254
792 513 227 318 371 351 330 255
906 396 239 319 367 351 328 254
862 -482 470 318 364 345 318 240
874 -494 439 319 369 345 317 238
917 -392 325 320 365 344 317 239
808 -302 262 316 363 341 315 236
870 -470 282 311 362 343 317 238
941 -490 313 318 364 346 319 240
866 -427 321 319 367 347 321 243
827 -384 286 322 367 349 323 242
847 -286 266 320 367 347 323 243
764 364 745 326 365 350 328 219
604 325 957 328 368 353 330 230
706 419 870 321 362 346 324 227
808 662 635 321 363 348 324 230
749 427 545 325 367 349 330 237
741 764 337 326 367 350 327 235
866 760 364 323 365 349 329 246
859 443 439 324 366 348 330 254
10.987932443618774