968 -364 50 333 300 381 297 229
1004 -360 66 331 298 378 294 226
988 -345 66 330 295 374 290 225
964 -333 62 330 294 373 291 225
1008 -353 82 331 297 372 290 226
996 -333 70 327 295 373 292 225
996 -349 74 330 298 378 295 229
968 -325 78 331 298 377 294 229
996 -345 78 329 297 374 291 226
945 -353 50 333 301 380 295 226
1023 -360 58 331 299 377 292 224
988 -364 62 328 296 372 288 221
953 -341 43 329 298 376 292 223
1004 -329 43 332 303 378 293 224
996 -325 23 331 298 371 290 224
964 -309 19 331 300 375 290 224
1000 -337 27 333 304 378 294 226
988 -325 23 330 300 375 291 223
941 -325 -215 328 302 373 298 226
902 -345 -192 327 301 372 295 225
1000 -353 -239 326 300 371 296 227
964 -325 -211 326 301 371 296 226
910 -290 -160 327 302 370 292 226
1027 -317 -50 326 301 375 294 228
964 -266 -50 324 301 374 295 229
980 -290 -70 322 300 372 294 227
996 -290 -43 322 298 370 291 226
1004 -274 -31 321 299 371 292 225
1031 -290 -11 322 300 371 293 227
1023 -302 3 324 302 373 295 229
1000 -302 3 320 296 367 290 224
1004 -254 -39 322 299 371 293 228
1000 -278 -19 322 301 373 295 228
1078 -337 -3 322 301 370 292 227
1012 -200 -62 322 300 372 293 227
921 -19 -90 323 301 372 293 228
996 -70 -86 323 299 372 292 228
1019 -145 -58 323 298 370 292 225
992 -337 -19 323 302 372 293 235
980 -302 -50 323 300 373 293 234
988 -341 -39 322 301 372 293 234
992 -333 -54 318 299 369 290 232
976 -305 -27 323 304 374 293 232
992 -258 -31 324 303 373 294 232
1004 -278 -15 324 303 375 293 231
1000 -305 -15 325 302 370 290 232
1008 -341 -35 322 300 373 291 234
980 -333 -50 323 300 370 291 231
988 -345 -47 325 304 373 292 231
1012 -356 -43 320 299 370 291 233
988 -329 -27 319 298 370 290 230
1019 -407 0 322 302 373 294 233
1035 -329 -31 323 299 373 293 230
992 -227 -66 323 303 373 295 227
945 -223 -43 324 300 375 293 227
1023 -274 -3 321 302 373 294 226
1000 -168 -62 324 303 375 295 226
1008 -129 -35 323 302 374 294 225
1004 -156 -31 324 302 373 296 223
1004 -149 -35 325 303 375 291 221
1019 -160 -23 323 300 371 293 222
1012 -129 -47 321 301 371 294 224
949 47 -152 319 300 372 291 224
968 -235 -3 325 303 373 291 222
1066 -356 19 325 302 370 291 224
961 -164 -82 324 304 372 291 223
996 -258 -39 324 304 375 293 224
992 -396 7 325 304 375 295 224
1015 -325 -35 321 301 370 293 225
1012 -321 -31 323 303 374 295 225
964 -329 -11 324 303 373 292 222
1015 -360 -54 325 303 370 291 225
984 -254 -109 323 303 371 293 222
961 -239 -101 325 301 366 293 223
1000 -294 -78 321 300 370 293 226
1000 -278 -94 323 300 370 293 227
980 -247 -98 322 301 371 295 225
996 -251 -86 324 300 366 292 223
1004 -278 -78 322 301 370 294 224
988 -286 -66 323 302 370 293 221
10.876478672027588