-796 -270 568 301 304 302 350 362
-753 -286 545 298 299 301 350 364
-827 -282 600 297 302 300 352 363
-796 -302 584 297 300 301 352 365
-902 -227 380 298 302 300 348 359
-917 -258 407 294 299 298 350 361
-862 -231 368 297 304 305 352 363
-902 -278 451 294 301 301 351 365
-886 -254 404 295 300 299 351 364
-847 -251 388 296 303 301 353 363
-843 -258 404 297 302 301 349 359
-859 -266 427 297 299 296 348 362
-859 -254 419 298 301 298 347 361
-859 -247 404 296 299 298 349 361
-851 -254 415 295 300 299 351 364
-925 -235 329 296 306 302 351 363
-937 -227 337 296 306 302 350 361
-890 -231 313 297 306 301 350 364
-902 -215 325 295 305 300 350 363
-913 -231 353 295 305 298 348 362
-862 -219 317 296 304 301 351 363
-917 -251 388 297 306 301 351 361
-937 -254 388 297 307 301 349 358
-906 -247 345 299 305 300 347 362
-906 -239 345 296 303 301 346 362
-902 -227 451 296 305 302 350 364
-859 -266 415 295 304 300 349 363
-831 -247 384 296 302 300 348 364
-929 -235 333 301 307 302 346 363
-910 -251 349 293 303 301 346 360
-882 -247 302 295 302 302 346 362
-898 -235 329 294 306 302 348 364
-929 -235 333 296 306 303 348 360
-894 -254 305 297 304 299 344 359
-898 -239 305 294 304 301 345 361
-937 -235 333 293 303 300 346 361
-949 -254 341 290 301 296 344 358
-898 -227 305 296 305 302 349 362
-921 -254 329 294 304 299 347 362
-917 -274 353 295 306 301 350 364
-906 -247 337 297 306 303 347 357
-894 -262 353 294 303 299 346 362
-886 -258 349 295 305 302 348 364
-906 -231 356 295 305 302 350 366
-902 -239 372 291 302 298 344 361
-902 -207 353 293 300 295 343 355
-886 -254 396 296 306 301 351 360
-894 -247 431 299 307 301 345 363
-847 -239 380 296 305 303 350 369
-878 -262 435 294 304 298 346 361
-839 -247 423 295 303 301 347 360
-866 -235 419 296 305 303 348 361
-874 -262 435 296 307 299 345 359
-866 -266 443 298 304 299 345 359
-870 -243 423 293 301 299 347 359
-847 -247 427 294 303 301 347 363
-851 -251 423 296 305 303 348 367
-886 -254 458 297 305 302 351 367
-866 -254 462 291 299 299 346 360
-851 -223 447 293 303 299 345 361
-878 -239 494 294 304 298 346 363
-831 -251 455 296 303 299 347 362
-811 -215 431 295 304 302 348 366
-870 -247 494 295 303 301 347 364
-870 -254 466 296 305 302 347 360
-839 -235 431 297 304 299 344 358
-831 -239 451 294 302 301 345 361
-866 -251 455 296 304 302 347 361
-831 -247 431 298 305 299 344 360
-874 -251 474 293 303 297 342 355
-839 -243 427 294 303 300 347 363
-847 -243 455 294 303 301 348 363
-851 -254 455 296 305 302 350 365
-839 -247 439 297 304 303 346 360
-804 -231 400 297 305 299 343 361
-819 -243 392 295 301 298 344 361
-882 -270 439 293 302 300 344 361
-921 -247 470 294 304 302 348 362
-929 -266 462 297 305 300 346 357
-882 -266 384 297 305 301 346 359
-862 -227 376 297 304 297 344 358
-898 -266 439 298 304 299 346 360
-878 -254 411 296 302 299 343 360
-906 -239 407 299 305 300 347 361
-898 -254 404 294 302 297 345 358
-855 -243 356 293 303 299 346 361
-882 -231 388 297 307 301 349 367
-902 -223 407 298 299 298 345 360
-859 -200 356 296 300 297 342 358
-902 -203 411 295 299 299 345 361
-917 -219 415 296 301 300 347 364
-866 -207 392 296 301 300 347 361
-874 -211 400 297 302 301 344 358
-898 -223 458 292 299 298 344 357
-808 -219 345 300 304 300 344 360
-898 -262 494 297 303 300 344 357
-890 -254 478 296 303 300 345 357
-831 -223 431 296 300 296 343 358
-862 -247 478 292 300 299 345 360
-855 -254 478 293 300 297 346 359
-827 -223 435 293 302 300 346 363
-835 -211 443 295 300 300 345 361
-855 -235 462 297 301 300 346 361
-843 -235 462 297 302 299 342 357
-827 -231 451 298 301 297 343 361
-859 -251 482 292 299 298 341 355
-851 -223 462 297 302 301 346 358
-851 -215 458 292 299 297 344 359
10.77045750617981