976 -313 27 345 363 353 337 344
996 -317 35 344 359 347 332 341
1004 -317 23 346 360 349 328 341
1000 -302 19 343 356 347 326 338
992 -337 31 343 361 350 332 342
988 -313 15 344 360 351 334 342
984 -337 23 344 360 352 335 347
984 -329 31 345 362 352 334 343
1000 -302 11 344 360 350 332 343
1004 -302 3 342 359 351 333 343
976 -337 27 343 361 351 333 341
1000 -317 23 344 361 351 329 341
1000 -309 15 345 360 345 330 340
996 -321 15 342 357 347 329 341
992 -321 19 344 359 348 327 340
996 -321 27 344 362 350 331 339
1004 -353 54 343 360 351 333 341
1004 -309 39 345 361 352 330 340
1004 -329 39 346 362 349 329 340
996 -325 -7 348 364 350 329 341
968 -266 -11 347 362 352 331 339
992 -325 15 345 360 352 332 343
1015 -305 11 345 361 351 334 341
996 -290 3 347 362 354 332 339
957 -302 11 347 363 353 335 342
945 -411 0 343 360 348 334 332
992 -384 -19 347 361 345 333 330
992 -341 -31 344 357 345 333 332
921 -435 50 345 360 348 334 333
1012 -364 15 342 357 346 329 328
1008 -341 11 344 359 348 329 329
992 -313 23 341 358 348 333 333
1019 -266 0 344 359 349 335 332
1000 -251 3 343 362 351 334 330
992 -278 3 343 362 350 334 329
1019 -298 -15 343 361 352 336 336
1012 -286 -23 344 362 352 333 328
941 -302 0 345 359 347 332 329
976 -317 11 344 362 352 332 330
1000 -305 0 343 361 350 331 330
996 -302 15 343 362 350 329 330
1004 -305 19 342 360 348 329 328
1004 -305 43 340 359 345 330 329
1000 -294 43 339 358 347 332 330
1015 -254 19 341 361 346 330 328
1000 -266 39 340 360 347 328 327
1012 -278 15 338 361 349 330 329
1015 -290 11 336 357 349 331 333
933 -274 47 333 358 347 331 334
1000 -317 54 329 358 346 330 333
1023 -337 62 327 357 344 328 335
1004 -290 47 324 356 345 330 335
1008 -274 31 319 357 343 329 334
1012 -251 11 319 356 345 330 335
996 -231 3 317 355 344 327 335
1012 -254 3 318 355 343 329 334
1008 -305 7 314 355 342 328 334
961 -360 -7 314 353 343 327 336
961 -333 -58 311 353 343 327 335
964 -317 -39 303 351 339 326 331
996 -274 -50 328 355 349 325 333
984 -266 -54 333 358 348 327 337
996 -215 -82 332 357 350 326 339
1008 -188 -98 328 357 348 327 339
1000 -243 -47 331 359 349 327 339
1015 -254 -39 333 360 352 329 343
1023 -254 -23 332 360 350 330 341
996 -258 7 335 362 352 332 341
1031 -266 -3 336 360 348 325 337
1012 -251 -39 336 358 348 327 338
1008 -266 -50 335 359 351 329 340
996 -270 -54 329 355 348 326 337
1000 -258 -62 332 355 347 324 336
1004 -251 -86 334 360 353 329 341
988 -211 -105 336 361 353 329 339
980 -176 -109 337 361 351 325 337
988 -270 -58 337 360 351 333 341
1000 -302 -47 338 359 351 331 340
984 -321 -31 338 360 351 332 341
992 -313 -35 337 359 351 330 339
996 -341 -50 338 359 351 332 343
968 -372 -58 338 361 351 333 341
992 -341 -54 337 360 350 332 340
996 -317 -35 340 359 348 328 338
1008 -325 -7 338 356 348 328 337
1015 -321 -7 336 359 350 331 340
1000 -294 -31 338 358 350 330 340
1004 -294 -35 338 361 351 334 343
988 -294 -50 337 357 350 330 341
984 -278 -70 343 363 354 330 335
996 -313 -54 338 358 351 327 336
1008 -294 -50 341 357 349 329 333
1019 -286 -62 338 358 350 328 335
1008 -266 -90 340 359 350 330 336
988 -302 -109 342 362 354 331 337
976 -298 -109 338 356 350 328 333
988 -337 -98 340 356 348 328 332
1008 -427 -43 337 358 349 329 330
984 -411 3 340 360 350 329 332
996 -356 -3 338 359 350 327 332
984 -302 -70 340 359 350 328 332
976 -254 -82 341 362 352 329 334
972 -290 -78 343 361 351 325 328
988 -309 -94 343 359 348 327 328
976 -313 -98 342 361 353 331 337
996 -298 -86 344 363 355 331 333
980 -313 -39 340 358 350 328 333
1000 -345 -43 339 358 350 327 330
1000 -313 -31 340 360 350 328 332
984 -329 -15 340 359 351 328 332
996 -388 -3 341 359 351 329 333
1008 -376 -3 341 360 352 330 334
996 -309 -70 344 362 352 336 337
976 -329 -62 343 361 350 332 336
984 -349 -47 343 358 351 332 335
996 -329 -66 344 362 351 335 336
988 -329 -66 344 358 349 329 333
976 -317 -62 343 361 350 332 336
1008 -329 -62 344 359 351 333 335
992 -345 -50 341 354 343 325 328
992 -313 -66 342 359 351 331 334
1000 -294 -70 343 357 351 333 334
1004 -313 -70 345 359 351 333 334
968 -321 -74 344 360 352 333 335
953 -294 -82 345 362 353 332 332
980 -290 -62 345 362 352 328 330
1000 -290 -47 346 360 349 328 331
1004 -294 -23 346 361 348 329 330
988 -294 -15 345 357 350 329 332
996 -309 -15 343 358 348 330 330
1015 -294 -39 342 355 346 326 327
984 -345 -43 344 357 349 330 331
980 -368 -47 345 357 349 328 330
980 -376 -58 343 358 350 329 330
976 -356 -66 345 360 351 330 333
980 -345 -70 342 357 350 329 330
988 -337 -86 347 362 350 328 331
984 -337 -86 348 363 351 328 330
964 -337 -70 347 362 352 329 327
1000 -329 -82 348 362 350 328 329
972 -329 -58 349 365 353 329 329
10.828084230422974