1000 -329 23 319 297 299 289 347
992 -337 43 318 296 297 287 346
1000 -341 -27 319 296 299 290 352
968 -376 3 319 295 298 289 350
972 -364 -19 319 295 298 290 350
992 -349 -19 319 297 298 291 352
996 -372 -11 318 295 297 289 351
941 -349 -27 319 296 299 291 352
996 -384 -43 320 297 298 291 352
976 -380 -35 319 294 297 288 348
996 -329 -19 317 294 297 289 349
980 -356 7 317 293 296 288 349
984 -333 0 320 297 299 291 353
972 -305 -11 318 293 298 289 351
992 -333 19 322 297 300 291 353
972 -341 -7 318 294 295 284 342
1004 -317 7 317 296 297 287 343
1000 -309 3 316 294 297 289 345
964 -282 3 321 299 302 292 347
996 -266 -7 319 297 298 290 349
992 -309 -3 321 297 295 288 347
1000 -392 -7 321 298 301 292 352
972 -356 -23 317 294 297 288 349
961 -356 -31 317 296 297 288 349
992 -345 -54 320 295 298 290 351
984 -349 -35 319 296 299 291 351
972 -278 -50 319 297 296 286 345
1012 -278 -50 322 300 300 290 346
996 -286 -35 325 299 296 288 350
1004 -313 11 319 298 299 290 348
1012 -313 11 320 300 300 291 352
988 -305 23 320 299 300 291 353
1000 -321 7 322 302 301 292 352
996 -349 -7 319 298 298 290 350
996 -360 -3 318 298 297 290 350
992 -372 -3 318 297 299 289 349
992 -360 -3 316 297 296 290 346
980 -337 -3 320 298 297 288 348
1000 -333 0 321 300 302 293 352
980 -305 -7 319 299 297 290 349
1000 -298 0 318 299 298 291 349
1004 -298 0 318 297 298 288 349
1000 -266 -3 321 299 300 291 351
1000 -243 -43 319 298 299 290 351
976 -156 -66 318 295 296 287 346
1004 -149 -50 320 297 295 285 344
996 -176 -39 317 294 296 286 347
984 -192 -35 319 297 298 290 348
972 -211 -23 320 300 301 292 351
996 -254 -15 321 300 300 293 349
984 -329 23 322 302 303 295 351
972 -404 35 321 301 301 294 356
988 -443 43 320 300 300 292 352
945 -400 27 320 300 301 291 352
957 -411 23 319 298 299 290 351
961 -458 35 319 297 297 289 349
957 -498 47 321 297 296 288 348
10.008282661437988