961 -462 11 323 297 305 341 209
953 -455 7 323 299 305 342 209
941 -474 15 323 298 305 340 209
941 -490 35 325 300 307 342 207
957 -462 35 321 297 303 339 208
953 -502 58 324 299 305 339 209
972 -451 19 324 296 305 339 208
945 -458 58 324 296 303 338 208
957 -462 35 325 298 304 338 207
953 -455 -7 323 299 306 341 213
949 -439 3 322 295 302 339 210
945 -447 15 325 301 308 345 212
941 -466 27 326 300 306 339 207
976 -490 35 323 299 306 342 212
961 -462 35 324 300 307 342 210
964 -462 31 325 300 306 340 207
968 -443 15 327 300 307 340 206
949 -427 11 326 301 308 344 209
961 -423 23 325 299 308 341 208
972 -419 7 326 300 308 341 207
953 -427 7 325 300 308 343 210
945 -419 0 323 297 306 338 209
964 -419 7 325 296 304 338 207
953 -407 0 327 300 305 337 206
964 -415 -3 325 300 307 343 209
964 -435 3 325 300 307 343 211
972 -407 11 326 301 308 344 214
957 -423 19 323 298 305 339 210
961 -419 27 324 298 306 341 210
976 -396 11 324 298 305 340 210
957 -415 15 324 296 304 336 204
968 -439 15 328 297 304 338 205
984 -435 11 327 299 304 338 208
949 -435 19 326 299 302 339 207
980 -451 31 327 300 307 340 206
976 -447 19 327 300 307 338 207
964 -419 -3 327 302 310 346 213
968 -415 -3 327 301 308 343 209
964 -415 7 324 298 304 340 209
949 -368 0 323 296 305 338 209
968 -400 23 328 300 307 336 209
980 -380 15 324 296 302 335 207
968 -388 23 325 297 305 339 209
988 -431 35 325 297 304 337 209
988 -407 15 327 300 305 337 209
933 -376 15 332 303 308 340 210
917 -349 -7 329 300 307 342 211
968 -349 -3 324 297 305 340 212
964 -364 3 330 299 304 338 213
957 -388 47 327 301 309 343 217
996 -376 35 326 301 308 343 219
988 -388 54 321 297 303 338 215
976 -380 47 324 298 303 333 211
972 -349 31 328 299 305 338 214
964 -341 47 327 302 307 339 213
992 -337 47 327 301 307 338 212
1000 -341 43 326 301 307 343 219
968 -325 27 325 301 308 340 213
988 -356 39 326 301 306 338 213
988 -360 15 327 301 307 338 213
980 -364 27 327 302 307 338 213
976 -364 23 326 297 304 337 215
984 -372 15 325 298 305 338 213
972 -372 11 326 297 303 336 214
988 -368 47 330 306 310 341 217
992 -404 74 326 301 308 339 213
976 -400 78 325 301 308 342 220
992 -360 27 325 301 307 342 219
964 -349 19 324 300 307 340 217
980 -376 39 325 301 307 341 217
984 -360 15 325 299 307 339 216
961 -349 54 324 299 307 339 217
968 -372 58 322 300 304 338 216
1000 -404 74 326 299 305 339 214
996 -396 50 326 299 304 335 214
972 -404 54 322 298 304 335 212
972 -396 50 322 299 302 337 215
972 -400 47 324 299 305 339 216
984 -439 78 323 299 305 338 216
988 -411 47 323 300 306 338 217
972 -364 11 322 297 305 338 215
972 -372 54 321 297 305 338 215
980 -388 35 325 300 307 340 224
980 -376 19 326 302 307 337 221
972 -372 15 327 302 308 336 219
961 -368 43 326 301 309 340 221
980 -396 50 327 302 309 339 220
996 -427 39 326 301 307 341 224
964 -419 23 326 301 307 341 225
957 -415 35 326 301 307 341 223
996 -400 50 324 299 306 336 220
980 -380 54 326 300 307 340 222
980 -372 54 328 300 305 337 219
996 -368 47 321 298 305 339 217
957 -337 35 321 297 303 338 219
968 -364 39 320 295 303 336 218
984 -396 39 324 300 306 340 221
968 -396 43 325 298 305 337 219
968 -411 50 323 299 306 337 219
976 -415 50 326 299 303 336 219
961 -404 35 332 304 309 340 222
949 -400 31 329 303 308 338 217
976 -380 35 325 298 305 337 219
976 -368 27 323 298 305 337 221
976 -384 43 323 300 306 338 222
953 -400 54 324 300 304 339 220
980 -392 31 322 299 305 337 221
980 -400 47 323 298 305 336 220
972 -388 74 327 299 303 336 219
988 -388 50 325 302 307 338 219
972 -384 43 327 303 306 336 218
957 -376 58 326 302 308 338 220
972 -396 78 326 302 308 339 218
996 -400 94 325 301 307 340 222
996 -392 94 325 301 308 340 221
968 -392 90 325 301 308 339 224
992 -400 62 325 301 307 339 223
980 -388 54 326 299 306 337 222
968 -360 47 325 300 306 340 222
988 -364 58 324 299 305 337 220
980 -368 70 324 299 304 333 218
961 -376 70 326 302 307 337 219
988 -388 66 322 299 304 336 221
984 -388 78 324 299 306 338 222
961 -380 58 323 299 306 336 221
976 -411 66 323 299 305 337 221
984 -396 62 322 300 305 338 221
964 -364 58 322 298 305 337 220
988 -388 54 328 303 308 338 220
968 -376 66 327 300 304 337 220
988 -380 74 327 302 308 340 224
984 -392 82 324 297 302 334 216
972 -392 98 325 298 305 336 220
968 -392 82 328 304 309 339 220
976 -392 66 328 305 308 337 219
964 -396 82 326 301 309 339 220
972 -407 94 327 301 309 337 218
976 -396 90 324 301 306 339 222
976 -396 98 328 303 309 338 219
988 -400 98 323 301 307 338 223
961 -364 78 326 302 309 343 226
957 -388 78 325 302 307 340 221
972 -407 74 326 302 308 341 224
961 -388 62 324 302 306 340 222
957 -396 94 326 302 309 338 220
10.015334844589233