996 -152 -23 346 404 384 347 367
1015 -156 -15 350 404 381 346 364
1000 -105 -23 346 402 382 346 365
1004 -78 -19 347 404 384 346 368
1023 -121 0 346 404 381 346 368
1059 -113 -11 346 403 385 345 367
984 -90 -3 351 405 382 345 367
996 -109 -7 349 403 382 343 365
1047 -164 -15 352 407 389 347 366
1008 -176 7 345 403 384 345 366
1066 -219 11 349 407 386 348 365
1019 -211 23 350 408 386 343 367
1000 -192 15 349 407 384 345 366
1051 -239 23 349 403 382 344 365
1059 -239 58 348 400 382 344 364
1059 -243 78 347 404 385 347 369
1063 -239 27 348 404 385 348 369
1019 -188 -19 349 405 386 349 371
961 -129 -31 352 406 389 350 368
1008 -152 -54 347 400 379 341 359
972 -94 -101 347 403 383 343 361
996 -98 -109 349 404 380 344 364
1000 -98 -101 350 401 381 344 366
1015 -152 -141 345 400 382 345 367
1019 -254 -101 353 408 386 348 366
996 -266 -86 352 405 381 346 366
1015 -266 -70 353 405 382 345 366
1043 -360 -15 349 404 386 350 372
984 -341 0 348 402 383 348 371
1008 -266 -23 348 401 381 347 368
1008 -305 0 348 401 382 347 369
1012 -290 -35 352 408 386 350 367
992 -294 -27 349 402 380 347 370
1023 -302 -43 351 405 380 345 365
1004 -302 -23 348 403 379 348 367
1008 -282 -43 347 403 381 348 370
1035 -298 -58 350 405 384 350 373
1004 -302 -35 348 404 385 349 373
1004 -286 -39 348 404 385 350 371
1004 -223 -70 351 405 386 348 368
1019 -302 -43 352 405 380 346 369
1015 -345 -35 346 403 381 348 370
957 -184 -101 350 403 382 344 364
980 -156 -86 351 404 382 346 365
1019 -258 -31 350 403 380 346 368
1043 -282 -43 348 403 382 348 370
961 -94 -105 348 401 383 347 371
1031 -219 -11 349 401 385 349 372
1039 -215 -39 351 407 383 348 368
1015 -188 -66 350 402 381 346 369
1015 -164 -74 345 397 378 344 367
1051 -168 -98 349 406 385 353 377
1012 -101 -74 350 405 385 351 369
906 -27 -50 351 405 383 346 369
1019 -294 -58 351 405 382 346 367
1023 -251 -98 352 404 382 347 368
929 -78 -125 353 403 381 348 369
945 -7 -125 353 402 382 347 371
1043 -176 -98 349 404 382 350 371
988 -176 -78 350 401 381 348 369
1019 -94 -117 354 406 384 348 371
1019 -121 -105 349 400 382 346 369
1004 -168 -78 348 402 384 349 372
1008 -101 -113 350 403 385 351 373
1004 -78 -129 352 406 384 347 369
992 -109 -94 349 402 383 346 365
1027 -129 -82 350 403 386 351 373
1015 -125 -94 352 404 386 350 368
1015 -133 -98 352 404 383 347 369
1015 -137 -98 353 404 383 348 368
1019 -156 -90 353 405 384 348 371
1012 -121 -117 353 402 383 352 373
1023 -129 -98 352 405 384 351 375
1047 -164 -98 349 401 382 350 370
984 -113 -90 349 401 383 350 373
1004 -133 -105 349 402 383 351 374
1012 -54 -137 351 403 386 352 372
992 -207 -47 353 405 384 349 369
1114 -294 -58 352 405 386 354 378
1004 -133 -101 349 400 382 350 372
972 -121 -74 352 403 385 349 368
1043 -215 -74 352 404 382 348 369
996 -176 -78 351 401 383 350 371
980 -117 -113 352 401 381 348 370
1012 -203 -82 349 399 383 349 370
1059 -247 -82 349 402 384 351 373
992 -164 -113 348 402 384 352 372
953 -62 -149 352 405 388 355 374
1039 -219 -90 351 402 387 354 377
1015 -219 -94 351 405 386 350 368
968 -133 -98 352 405 383 349 368
1012 -129 -149 352 404 382 347 368
996 -188 -152 350 402 384 351 374
992 -180 -141 350 403 383 353 371
1004 -196 -137 346 400 379 349 371
1008 -203 -133 348 400 382 350 373
1004 -211 -121 351 404 383 349 368
996 -207 -121 352 405 385 350 370
988 -192 -137 350 398 382 348 372
1008 -192 -141 348 400 381 349 371
1004 -184 -145 350 402 384 351 371
988 -184 -129 351 404 384 350 369
1015 -180 -137 348 399 380 349 370
1004 -176 -137 350 398 382 350 373
984 -152 -133 351 404 386 350 370
1008 -180 -129 353 405 386 351 369
1012 -192 -137 349 402 383 353 371
1000 -176 -133 352 400 380 347 370
1019 -278 -82 352 402 382 348 370
984 -223 -101 352 401 382 348 370
1004 -243 -94 348 401 382 350 371
1008 -258 -105 349 402 385 352 374
992 -243 -117 348 397 384 348 370
1004 -235 -117 346 400 381 349 369
980 -254 -98 347 398 385 348 371
1015 -176 -82 347 400 384 350 371
10.010568857192993