1000 -227 -149 291 359 384 373 369
1008 -219 -149 291 359 384 369 365
1023 -203 -176 289 357 384 372 369
1012 -180 -168 291 359 383 370 365
996 -192 -172 287 355 380 370 365
1000 -188 -180 293 362 383 370 366
1000 -200 -184 293 361 380 366 366
996 -188 -168 289 362 376 363 361
996 -188 -172 291 363 379 366 366
996 -184 -176 290 363 378 369 366
1000 -184 -184 290 363 380 370 370
1000 -172 -184 292 365 381 366 363
992 -188 -184 287 361 377 368 364
988 -184 -172 289 364 378 369 367
996 -168 -172 290 365 381 371 367
1015 -184 -184 292 365 382 368 363
984 -172 -172 291 361 379 369 364
980 -184 -188 288 362 379 367 364
988 -184 -192 291 363 381 371 368
988 -184 -200 289 360 377 366 366
996 -188 -211 289 362 380 368 366
988 -200 -203 287 360 378 368 365
988 -188 -196 289 362 377 369 368
984 -184 -200 291 364 381 371 369
996 -203 -207 290 362 379 368 367
980 -192 -192 290 363 380 371 368
980 -188 -207 291 364 382 369 363
976 -188 -203 293 362 378 366 366
1000 -176 -215 288 358 376 365 363
996 -172 -203 291 364 381 372 369
980 -160 -188 292 363 382 372 370
996 -180 -192 291 363 382 371 371
996 -188 -188 291 363 383 369 364
1004 -188 -192 294 364 377 368 366
1000 -152 -176 289 359 379 369 364
996 -145 -188 290 360 377 369 366
984 -152 -200 291 362 381 371 369
976 -184 -200 292 363 383 373 368
980 -203 -203 292 363 380 366 364
996 -231 -196 292 359 377 367 365
992 -227 -184 288 359 378 369 367
1004 -223 -188 288 358 380 367 366
996 -215 -180 290 362 380 370 367
992 -192 -188 286 357 375 367 364
996 -184 -188 291 362 382 370 365
992 -168 -188 293 362 378 366 363
996 -145 -196 288 360 378 368 365
980 -141 -188 288 360 378 369 366
992 -125 -192 291 360 379 369 368
976 -149 -164 292 361 382 370 371
996 -141 -192 293 363 381 367 363
1000 -188 -184 293 364 381 369 364
1000 -215 -176 294 365 380 368 363
996 -219 -184 288 357 378 369 364
984 -251 -172 290 361 380 371 369
984 -251 -176 290 359 378 369 366
996 -235 -164 287 357 377 366 364
1008 -219 -156 285 356 375 367 364
1004 -231 -125 291 361 381 371 366
1019 -219 -121 292 359 377 369 364
1012 -223 -121 290 360 378 369 366
1004 -239 -125 291 362 381 371 367
1004 -251 -145 291 359 377 368 363
1012 -254 -160 290 360 380 370 368
988 -258 -164 292 362 382 371 365
984 -247 -180 291 361 381 369 363
992 -215 -160 292 363 382 371 371
996 -192 -152 284 356 374 365 362
1008 -200 -160 287 355 374 366 361
1000 -152 -196 294 360 382 370 366
1012 -184 -196 289 358 381 371 365
984 -160 -184 291 360 384 374 366
988 -137 -192 292 362 383 370 362
1008 -94 -231 294 361 382 370 364
961 -86 -211 287 356 382 370 364
984 -105 -215 288 357 383 371 366
992 -129 -196 291 359 384 373 363
1000 -117 -207 293 362 384 369 363
996 -113 -203 289 357 383 369 364
976 -94 -188 290 357 383 371 366
1000 -94 -207 289 356 383 370 363
1008 -113 -192 291 355 383 371 366
992 -117 -192 293 361 388 376 367
988 -113 -192 293 358 380 371 363
1012 -137 -215 292 361 383 369 361
972 -113 -180 291 357 379 369 363
1004 -109 -188 290 357 383 370 365
1008 -94 -196 289 358 383 372 366
984 -86 -184 290 356 383 371 364
1015 -184 -121 292 359 385 371 368
1012 -180 -105 290 356 382 370 365
1012 -160 -109 292 362 387 375 366
1004 -133 -145 290 354 379 368 363
984 -125 -145 290 356 383 370 366
1012 -160 -168 292 359 384 372 368
929 -82 -188 293 361 384 367 363
1063 -278 -156 293 358 380 367 365
988 -145 -192 289 357 382 367 367
1015 -219 -156 289 355 382 364 365
1008 -211 -152 286 352 378 363 362
992 -160 -192 291 358 384 369 368
1008 -172 -180 291 357 383 368 369
1008 -172 -188 291 359 384 368 363
984 -172 -176 293 357 380 365 364
992 -149 -192 289 354 379 365 365
1000 -145 -196 288 356 380 365 365
1008 -156 -200 289 358 383 368 368
996 -133 -215 288 354 381 363 359
10.679136037826538