984 -239 62 325 293 312 331 367
1004 -219 58 323 295 312 333 369
1015 -239 50 324 295 314 334 371
1000 -262 31 323 295 312 332 365
961 -305 70 324 295 311 328 364
1043 -313 31 324 296 310 328 364
1000 -333 58 324 294 309 327 364
1000 -337 39 323 293 307 327 364
968 -286 27 320 291 308 326 365
1015 -325 74 321 291 308 327 364
1027 -325 54 317 289 306 325 363
1015 -258 -7 320 296 312 328 361
949 -274 35 320 296 313 330 362
1008 -251 -7 321 295 313 332 367
992 -262 15 318 293 311 330 365
1039 -262 3 318 293 310 329 365
1015 -258 -3 317 290 305 325 360
968 -247 15 316 291 308 327 363
1019 -258 0 315 292 309 327 363
1031 -247 -11 320 293 311 330 365
1000 -251 11 320 296 313 330 360
1019 -258 19 321 295 310 327 361
1027 -251 -11 320 292 308 326 361
980 -247 15 316 292 309 329 362
1015 -235 -11 316 292 309 328 364
992 -247 0 316 292 309 329 361
992 -266 23 320 295 312 329 359
1012 -262 3 320 295 312 330 362
1000 -251 0 319 294 312 331 364
1051 -243 23 322 298 313 331 362
996 -239 7 320 297 312 330 361
992 -239 11 319 297 311 331 360
1015 -211 3 320 296 307 329 362
1004 -211 15 317 296 310 332 364
1023 -215 15 317 297 309 333 367
1019 -227 19 319 297 311 332 360
1008 -227 23 319 297 311 331 362
1015 -223 3 318 293 307 328 362
1012 -231 0 318 294 307 330 359
996 -227 0 319 295 306 330 364
1004 -231 0 319 298 308 328 360
1015 -231 7 320 297 308 327 360
996 -207 19 320 300 310 330 362
1015 -219 19 319 298 312 333 364
1027 -235 31 318 297 311 333 365
1004 -215 15 316 294 307 330 361
1012 -215 11 318 298 311 331 361
1004 -215 11 319 298 309 328 359
1004 -196 11 317 296 309 331 364
1023 -211 23 317 295 308 332 363
1027 -215 23 318 296 310 333 366
992 -231 27 317 296 310 332 362
1015 -251 27 320 302 312 332 360
1008 -251 15 314 296 308 329 362
1015 -270 43 317 296 309 331 364
1019 -305 62 311 293 304 327 360
1008 -305 58 315 294 307 329 363
1015 -298 35 318 297 310 333 363
1012 -294 35 318 298 311 331 358
1015 -282 39 319 298 311 329 360
1012 -258 15 319 297 307 328 362
1004 -235 -113 315 296 309 329 362
1000 -235 -90 321 301 311 330 360
996 -203 -94 319 297 306 327 359
1012 -207 -90 317 295 306 328 360
1008 -243 -94 320 301 313 332 360
1008 -239 -90 317 297 307 329 360
996 -211 -90 318 296 308 329 363
996 -203 -74 320 298 308 329 361
1008 -219 -39 317 299 310 332 363
1008 -227 -35 318 299 310 329 359
1004 -231 -15 318 300 309 330 357
1019 -239 -15 320 297 307 328 359
1027 -231 -47 316 296 308 329 361
980 -243 -35 317 296 307 327 356
996 -251 -15 315 297 307 327 357
1039 -278 -50 322 301 310 330 362
1015 -258 -62 318 296 307 331 361
1004 -266 -66 316 295 308 329 362
1019 -239 -133 316 296 308 332 362
980 -243 -109 317 297 309 332 362
961 -243 -113 318 298 310 334 367
1090 -219 -133 318 297 313 332 362
910 -192 -101 315 297 313 332 362
1004 -188 -168 318 299 316 335 366
1008 -196 -149 319 299 311 328 358
992 -180 -160 316 295 309 326 353
964 -164 -164 318 296 309 327 356
1008 -137 -121 316 294 310 329 359
1008 -117 -121 316 297 311 331 361
992 -113 -125 319 300 315 332 359
1019 -149 -117 320 299 310 330 360
1000 -188 -50 317 296 311 330 360
1027 -188 -50 314 296 311 329 360
1012 -184 -43 317 295 312 331 361
1008 -184 -11 316 298 313 333 365
1031 -215 11 316 298 312 333 361
1051 -211 11 313 295 310 330 358
1039 -203 -3 313 295 310 330 358
1004 -184 -35 317 298 312 333 359
1008 -196 -66 319 300 312 329 357
1000 -113 -39 316 299 312 334 365
1008 -149 -3 316 299 313 333 362
1031 -141 -7 317 299 312 332 361
1012 -145 -3 316 300 311 332 358
1031 -180 7 314 298 311 334 362
1008 -180 0 315 296 309 329 360
1023 -211 7 315 296 308 330 361
1019 -200 0 318 300 310 330 359
1019 -196 -23 319 300 308 330 360
1012 -239 3 317 297 307 330 359
1035 -215 -31 316 296 308 330 359
10.82237982749939