988 -227 54 314 297 304 333 338
1015 -207 58 314 294 304 333 342
1015 -196 50 314 298 306 337 348
1019 -188 43 314 298 305 334 342
1008 -219 47 313 294 303 333 342
1008 -196 66 313 296 304 331 337
1023 -192 58 314 296 304 333 341
1019 -203 50 315 297 304 330 337
1004 -207 43 316 296 301 330 339
1012 -196 15 314 293 299 329 337
1027 -211 7 310 293 302 331 339
1015 -211 0 314 297 305 334 343
1004 -219 7 316 295 301 329 339
1008 -219 19 313 295 303 332 341
996 -247 50 312 293 302 331 341
1008 -239 47 311 294 302 330 340
992 -227 35 313 294 303 331 341
1012 -251 50 312 293 301 330 339
1008 -247 15 310 294 302 331 340
996 -239 35 314 295 303 332 341
1015 -286 35 312 295 303 331 342
992 -290 31 312 296 303 332 342
1000 -317 -15 314 295 303 330 342
992 -388 54 310 293 302 328 339
1019 -337 78 312 293 299 327 336
984 -207 90 313 294 302 331 341
992 -254 101 313 294 303 331 342
1008 -266 86 314 294 303 331 341
996 -282 78 314 296 304 332 343
976 -290 74 313 295 304 332 343
1008 -329 54 314 297 305 333 341
968 -345 70 315 297 305 333 344
1035 -309 192 314 295 304 331 343
992 -349 203 312 296 302 330 341
1031 -349 164 314 295 304 331 343
1015 -305 109 314 296 303 331 343
949 -266 70 315 297 305 333 346
957 -274 70 314 296 304 331 343
984 -298 74 311 294 301 330 342
976 -313 78 312 294 301 329 340
984 -337 94 311 294 302 329 340
1000 -341 105 312 293 301 328 341
988 -317 141 311 291 298 323 334
976 -337 66 316 299 305 329 339
1086 -325 105 314 296 304 332 343
961 -282 98 313 296 303 333 344
937 -372 149 312 293 303 332 341
988 -353 105 310 293 301 331 339
1000 -364 86 312 293 301 332 341
961 -353 74 314 297 305 335 341
937 -388 82 316 297 305 335 345
980 -360 54 315 299 305 337 342
964 -353 78 314 296 305 335 340
953 -368 109 312 297 304 335 341
1027 -368 109 314 298 307 335 339
1000 -305 82 316 296 302 329 338
984 -309 78 314 295 300 330 340
937 -313 101 311 293 302 332 341
1043 -266 62 314 295 301 331 340
913 -278 66 310 293 302 332 341
984 -313 78 310 294 302 331 341
1039 -286 105 313 295 302 329 336
984 -258 86 313 295 304 334 343
1012 -247 86 315 296 301 332 342
1031 -247 74 314 293 303 332 341
976 -254 62 311 292 300 331 341
964 -262 70 312 295 303 334 343
1008 -262 70 310 294 303 332 341
1059 -286 54 312 296 304 335 342
949 -282 62 311 296 302 333 341
964 -258 31 309 293 302 331 340
1004 -270 43 315 296 301 330 336
1004 -251 15 309 292 301 329 339
996 -270 54 313 298 305 331 337
1039 -254 58 314 298 306 334 343
972 -184 66 311 296 302 331 342
1019 -200 70 312 296 303 331 342
1008 -207 15 311 295 303 330 341
988 -207 15 313 296 305 332 344
1015 -207 35 311 296 303 331 341
1008 -184 35 314 298 305 331 339
1008 -196 31 311 294 304 332 343
1015 -200 39 313 297 305 334 346
1035 -211 27 314 297 305 335 345
1008 -188 3 313 297 305 331 344
1012 -207 0 315 296 301 327 339
1004 -223 -11 315 298 306 330 340
1012 -211 0 313 297 305 328 337
996 -196 11 311 295 304 330 341
1027 -196 19 311 295 303 330 341
1004 -184 35 314 296 301 327 339
1027 -200 39 315 296 300 329 338
1031 -215 35 313 296 304 330 342
1023 -231 15 314 294 303 331 342
1008 -243 3 316 296 306 333 342
1012 -223 0 314 297 305 332 343
996 -192 11 313 295 304 331 341
1023 -223 35 312 296 303 331 341
1047 -211 31 312 296 302 331 340
1000 -200 19 311 292 299 327 337
1031 -207 -47 311 294 303 328 339
972 -196 -66 314 298 304 328 337
1004 -203 -50 315 296 302 328 338
996 -168 -27 314 297 303 331 338
1000 -247 -74 315 296 303 329 336
1008 -227 -109 315 296 303 329 335
996 -290 -70 318 299 306 330 333
1004 -274 -78 315 297 305 330 336
996 -227 -90 313 296 303 329 335
1023 -282 -23 316 298 304 326 332
1008 -215 -66 316 296 301 327 332
957 -137 -90 312 295 302 327 333
984 -219 -19 313 294 303 327 334
1051 -274 -11 313 297 304 330 338
1031 -321 11 315 298 306 333 340
980 -160 -74 315 299 306 328 334
1000 -172 -50 315 298 303 325 334
1000 -317 31 320 301 304 330 338
1035 -219 0 310 295 301 327 335
1039 -251 15 311 297 302 328 336
10.24193811416626