992 -345 -105 315 299 300 289 339
1000 -337 -98 315 299 301 289 338
921 -349 11 315 298 300 287 340
1078 -337 74 316 300 302 290 339
1004 -337 101 317 298 298 289 340
972 -305 113 311 296 301 289 342
1031 -274 90 310 293 295 286 337
1012 -290 86 311 294 298 287 339
1004 -294 43 312 296 300 291 343
1004 -294 19 313 296 298 288 341
1008 -337 15 311 298 301 292 342
1004 -317 -3 313 298 302 293 342
972 -309 15 313 298 303 291 339
1008 -333 31 315 299 302 291 339
1031 -294 7 314 299 300 288 339
992 -282 3 316 301 304 290 340
968 -290 19 314 300 301 290 336
1015 -290 0 315 301 305 294 340
976 -278 -11 314 299 303 291 338
1000 -305 -7 314 299 303 289 337
1000 -317 -11 314 299 302 291 337
1000 -317 -23 315 298 301 289 339
961 -305 -27 311 295 298 289 339
1004 -313 -23 313 298 302 292 341
988 -290 -7 310 295 298 286 335
972 -282 0 311 296 297 286 335
1019 -329 7 312 296 300 289 339
988 -274 -39 312 298 303 292 342
1015 -309 -3 311 297 299 290 340
976 -305 -15 313 299 304 293 343
1000 -325 -3 313 296 301 291 341
1012 -203 -47 310 298 302 293 340
1012 -207 -39 315 299 304 291 337
1004 -227 -23 315 298 300 289 337
996 -239 -11 315 300 302 289 337
1019 -223 -23 315 297 300 289 336
1000 -231 -3 309 295 300 290 338
1027 -290 27 313 296 300 288 338
1000 -247 -7 314 299 303 294 343
1012 -254 -15 313 299 303 293 342
1012 -262 -15 313 298 302 292 343
1008 -262 -19 315 300 305 297 344
1008 -247 -15 316 301 305 293 339
1004 -258 -11 314 299 303 292 338
1008 -274 -23 313 297 302 292 339
992 -270 -7 314 296 300 290 337
1008 -266 3 312 297 299 287 333
1004 -243 0 312 294 298 286 333
1008 -231 -7 316 299 300 289 337
1004 -258 15 313 296 299 288 339
1012 -251 -15 314 296 301 290 337
1008 -258 -27 309 297 301 290 338
1000 -254 -62 312 298 303 293 341
976 -235 -54 311 297 303 291 340
1027 -247 3 317 300 302 290 338
984 -243 -39 314 299 302 293 339
1015 -258 -35 311 297 301 291 337
1000 -251 -54 313 299 303 293 342
1008 -282 -43 313 300 304 292 336
992 -266 -54 316 298 300 289 336
1000 -274 -15 314 296 300 291 337
1004 -247 -39 309 293 297 289 336
1004 -235 -23 309 295 300 290 337
1004 -243 -7 313 297 301 290 337
996 -251 -3 310 296 301 291 337
1023 -258 3 313 298 303 292 340
1004 -258 -15 318 300 304 293 338
1004 -247 -15 312 295 300 290 337
1004 -243 -27 311 297 301 291 337
1008 -251 -35 313 299 303 293 341
996 -286 -7 314 298 304 293 340
992 -270 -19 313 300 303 293 341
1012 -302 0 312 298 303 292 340
1027 -290 -11 312 297 301 292 337
992 -290 -3 313 298 304 293 338
1000 -274 -3 314 300 305 296 341
1015 -262 7 310 296 301 289 337
1012 -282 11 313 298 302 294 341
1015 -282 0 313 298 303 292 339
1000 -278 -15 312 298 303 292 339
988 -274 -31 314 299 304 290 336
992 -270 -27 314 300 303 289 337
1012 -270 -39 315 299 301 289 335
1000 -247 -35 312 295 300 290 336
1004 -231 -7 313 300 303 293 341
1035 -239 0 310 296 301 291 337
1012 -247 -19 311 297 300 291 337
996 -254 -27 313 299 303 293 341
1004 -262 -35 315 300 303 293 338
1004 -258 -27 315 298 301 289 336
976 -254 -19 311 296 300 291 335
1008 -258 -15 312 296 301 292 337
1019 -251 -27 310 295 299 290 335
992 -247 -23 310 297 301 290 337
1019 -243 -7 314 297 302 290 338
1012 -251 -3 315 299 300 289 335
996 -247 -23 313 296 300 289 336
1000 -254 -35 310 295 300 291 337
1015 -258 -31 309 293 299 289 336
1000 -254 -31 314 299 302 293 341
1008 -251 -31 313 295 302 290 338
1012 -235 -19 318 297 300 292 338
1000 -254 -31 317 298 299 291 337
1012 -262 -19 315 295 300 291 337
1019 -247 -11 311 297 300 292 340
1012 -251 -11 313 297 301 291 339
996 -243 -15 311 296 299 290 339
1008 -215 -23 311 291 298 288 335
1031 -207 -31 312 297 300 292 340
976 -192 -39 316 297 303 293 341
1012 -200 -43 315 298 304 293 341
1008 -203 -54 315 298 303 293 339
1031 -227 -23 318 299 303 291 337
1043 -227 -54 318 300 305 294 341
980 -239 -39 314 295 300 291 339
1031 -247 -35 320 298 300 288 341
1008 -203 -39 318 296 299 292 341
988 -235 -19 316 295 299 291 342
1027 -235 -23 318 296 301 290 344
1023 -215 -50 318 297 301 293 344
10.133709192276001