843 396 251 343 373 398 378 353
851 384 262 342 374 398 379 356
874 407 254 342 373 399 378 355
831 407 274 342 371 397 377 353
878 407 282 341 372 399 377 353
839 427 251 345 375 399 374 350
843 435 247 345 373 396 374 351
874 407 251 345 376 399 374 347
811 419 251 347 378 403 380 351
847 431 231 343 374 398 379 352
839 455 227 345 374 400 378 351
823 478 239 344 374 400 377 352
823 478 239 345 374 400 378 353
851 455 262 339 366 394 372 347
866 364 270 341 373 407 386 345
859 447 247 339 369 403 385 340
862 439 247 339 372 404 385 341
859 419 235 339 372 405 385 340
815 447 243 343 378 407 384 337
859 455 262 335 368 402 381 336
870 439 274 336 369 404 383 337
851 419 258 341 377 410 391 343
874 407 258 338 372 405 385 339
866 404 266 338 372 407 384 339
839 435 243 338 371 405 383 337
855 439 247 338 374 407 386 341
847 458 235 336 372 406 384 339
859 431 243 336 373 406 386 336
843 415 239 338 375 408 388 342
859 455 203 338 373 408 387 340
851 451 184 333 369 403 382 334
839 478 223 336 372 409 388 338
827 458 251 336 371 406 386 337
831 431 258 335 370 403 385 333
851 447 258 338 372 403 385 334
874 478 262 338 372 403 383 333
847 427 258 340 374 404 381 333
851 435 262 339 374 403 383 333
835 458 266 341 376 407 384 331
839 435 266 338 373 402 383 332
866 423 254 339 375 404 382 332
851 443 247 340 375 403 384 332
839 478 231 337 373 407 386 336
819 486 211 332 367 398 381 330
851 427 219 332 368 401 383 331
847 447 203 336 373 405 386 336
823 470 215 337 373 405 386 335
862 458 239 336 372 402 385 335
780 494 239 335 371 402 383 334
804 517 207 333 368 401 379 331
827 486 188 336 374 404 384 334
870 486 160 334 370 401 381 330
835 431 184 336 367 401 381 331
878 431 184 332 368 402 380 331
870 439 180 331 368 403 381 332
835 478 145 333 368 401 381 330
788 506 188 326 364 398 376 326
819 486 196 331 369 405 380 328
804 498 203 339 353 407 383 332
804 490 196 338 349 403 380 328
819 502 180 337 349 402 379 330
784 517 176 338 349 402 381 329
815 517 164 339 350 401 380 329
796 513 149 339 348 402 379 330
815 482 203 337 348 402 384 330
823 490 211 338 349 404 385 337
792 506 219 337 348 403 384 336
831 451 235 330 342 397 377 329
529 741 156 339 361 397 377 325
584 768 176 337 360 400 378 324
541 753 180 333 359 396 379 328
580 749 180 334 357 396 377 327
576 753 152 333 357 398 376 326
545 741 156 335 358 397 379 327
584 757 145 331 358 393 375 325
545 745 94 337 360 399 380 329
600 741 109 336 361 394 378 326
588 749 105 334 359 394 379 326
549 760 141 336 360 394 376 325
588 768 137 335 359 392 377 324
580 768 133 336 359 393 375 327
521 776 133 336 362 399 378 326
557 741 149 333 360 395 377 322
553 725 125 335 362 397 382 328
564 741 125 337 363 399 383 329
596 733 121 337 364 397 376 325
588 741 105 337 364 398 377 323
572 749 105 336 363 398 380 327
553 764 109 336 362 398 383 330
568 757 98 336 363 397 381 329
521 753 98 334 361 396 377 326
537 760 105 338 363 396 375 324
580 749 156 339 363 396 375 324
560 753 176 339 366 400 383 327
557 753 176 336 364 398 381 329
557 760 164 335 363 396 379 328
553 772 145 336 362 395 380 327
580 749 117 338 366 398 383 328
572 760 121 337 366 396 379 324
572 749 129 339 368 395 378 325
545 768 109 337 364 397 381 330
525 768 125 338 364 398 382 331
541 753 141 336 364 396 381 328
560 768 149 335 363 397 381 331
564 768 160 335 363 396 379 329
553 749 172 336 364 397 381 329
560 741 156 337 366 397 384 329
572 757 117 334 363 394 379 329
560 753 133 337 367 398 379 325
560 741 141 335 364 397 381 328
560 753 125 337 365 398 379 325
564 737 125 337 365 398 383 331
10.028332471847534