1004 -90 78 336 304 377 348 363
1051 -90 70 331 299 370 345 362
1059 -145 113 335 299 372 347 365
1055 -121 98 329 299 370 347 362
1066 -117 90 331 298 368 343 360
1000 -172 117 335 303 373 344 361
996 -219 113 331 300 373 345 363
980 -239 113 332 300 372 346 365
937 -372 164 332 302 375 349 367
964 -474 176 331 298 371 346 362
984 -486 172 329 300 373 346 364
953 -388 149 331 300 374 348 366
1000 -211 235 327 301 365 341 360
1114 -431 317 324 303 365 341 359
1008 -211 235 325 302 365 341 360
1015 -368 368 325 304 364 342 359
1015 -337 341 324 303 365 341 358
976 -247 262 326 304 367 344 362
992 -388 302 326 303 366 342 361
976 -396 302 325 303 366 343 359
949 -329 329 327 303 365 337 353
1012 -215 321 327 306 367 341 355
1031 -231 368 325 300 363 338 357
1019 -125 266 323 301 365 339 359
961 -101 294 326 302 363 340 357
1004 -129 278 325 304 366 343 362
1031 -3 211 326 305 367 343 357
953 109 203 325 303 365 340 358
1004 50 152 327 302 367 341 360
1015 35 129 326 303 367 342 360
992 39 203 320 299 361 337 355
992 149 109 326 301 366 340 359
1019 78 137 326 302 364 339 357
1000 156 90 327 306 369 344 359
996 94 121 327 306 366 340 357
988 50 137 326 305 367 341 356
1023 27 184 324 303 365 342 360
1141 39 137 325 303 367 341 361
1039 109 145 324 302 365 343 360
1090 90 137 326 303 366 344 362
1216 58 78 326 301 365 343 361
1325 -47 117 325 301 364 344 363
1192 -105 192 323 301 362 342 361
1094 -113 129 324 300 363 343 361
1059 -192 113 325 301 366 344 364
984 -254 109 327 303 367 344 358
921 -180 74 328 302 365 338 357
886 -172 74 328 302 365 339 357
878 -188 62 328 303 366 341 358
898 -200 54 328 303 367 339 359
878 -176 78 329 304 368 342 358
917 -207 117 329 302 365 339 358
925 -203 94 324 301 365 339 355
902 -223 101 329 304 367 341 360
921 -243 86 327 304 368 341 359
925 -274 125 327 303 367 342 356
949 -243 78 327 302 367 341 358
1121 -90 254 322 303 359 337 357
1015 23 219 322 304 357 336 355
1008 0 243 322 306 361 335 355
1055 -137 274 322 306 362 336 354
1098 -270 321 320 302 358 334 356
1149 -368 368 318 302 360 337 356
1074 -227 360 317 302 360 336 358
1019 -176 368 320 303 359 336 357
1027 -278 360 321 303 358 336 353
984 -172 298 320 305 360 339 359
1012 -231 380 323 306 364 338 357
964 -141 325 320 304 362 338 360
929 -219 -19 324 304 360 337 361
882 -203 -23 320 302 357 334 357
961 -282 7 322 302 357 336 358
980 -274 15 322 300 356 332 358
957 -243 39 325 303 356 333 357
980 -270 50 321 299 355 333 357
1008 -286 47 323 300 355 334 359
964 -329 82 322 303 360 336 359
996 -384 78 322 303 359 337 359
1008 -380 82 324 303 361 337 358
1000 -411 129 324 304 363 340 363
1035 -278 54 321 302 358 335 359
1012 -270 360 315 308 354 332 355
1023 66 117 322 309 360 335 363
1012 43 105 321 308 359 333 358
992 23 109 321 305 358 332 359
984 254 0 325 303 357 331 354
988 254 -3 325 307 362 331 353
984 243 -7 325 306 362 334 357
968 160 35 325 306 363 335 361
984 94 39 322 304 361 332 356
984 98 11 326 307 361 330 354
941 152 7 323 305 361 333 359
992 74 47 323 304 359 333 357
992 141 7 326 306 359 328 355
968 164 7 322 305 361 334 359
968 160 31 325 304 361 333 358
10.404473304748535