1012 19 -3 303 398 403 392 347
1015 23 -3 301 397 402 395 354
1012 23 -11 300 394 399 391 350
1012 15 -7 301 396 401 393 351
1019 31 3 301 396 401 393 350
1015 27 0 298 393 397 390 348
1015 31 -3 299 390 396 389 347
1012 23 -7 301 394 396 389 348
1019 19 -7 302 395 396 386 345
1008 15 0 300 395 400 391 347
1015 15 -7 299 394 399 392 352
1012 15 -3 294 386 393 385 344
1008 15 -3 295 388 392 385 344
1023 15 -3 297 391 393 384 342
1004 47 0 302 397 399 388 347
1004 39 3 298 393 399 390 350
1027 19 3 297 393 395 389 348
1008 50 -3 301 395 399 392 353
1019 23 0 299 392 396 388 347
1015 19 -15 297 391 394 387 345
1012 31 -11 299 391 393 386 345
1008 23 0 300 396 397 386 345
1008 39 -3 301 395 399 391 350
1012 35 -7 297 391 396 386 347
1019 43 0 299 390 394 386 346
1012 39 3 296 387 393 386 346
1012 39 3 295 387 394 385 345
1008 43 -7 301 395 396 385 345
980 27 27 300 394 397 387 343
1031 58 -43 300 394 398 390 350
1012 31 3 302 395 399 391 348
1012 27 0 301 395 399 391 347
1012 19 7 300 393 397 390 351
1019 3 7 301 396 401 392 348
1012 3 3 298 393 396 389 348
1012 7 -3 297 390 395 385 346
1008 7 -15 301 394 395 385 344
1004 23 -11 300 394 398 388 344
1008 31 -11 300 394 398 387 344
1051 7 35 301 394 399 392 348
1019 15 -3 297 391 393 386 345
1004 19 0 300 394 395 384 344
1012 19 0 299 390 394 387 346
1012 11 0 292 382 384 378 338
1008 23 -7 294 387 391 382 340
1015 11 -11 293 386 389 382 342
1012 15 -3 298 389 393 386 345
1019 15 3 297 388 391 384 342
1023 7 3 300 390 391 384 342
1019 15 0 298 390 393 386 346
1015 19 -7 302 393 396 389 348
1031 15 3 302 393 393 383 343
1012 27 0 299 391 395 387 344
1019 11 -3 299 391 394 387 346
1019 19 -19 300 392 396 388 348
1012 11 -7 299 390 393 386 346
1012 27 -7 300 392 395 388 349
10.00108814239502