1015 -145 137 352 292 304 303 290
1008 -137 125 354 291 303 303 292
1012 -137 137 357 295 306 303 290
1004 -137 145 357 293 302 301 291
1004 -156 145 357 295 306 303 291
1015 -149 149 358 295 304 301 291
1012 -156 156 358 293 302 302 291
1015 -160 164 358 296 304 301 291
1015 -160 156 354 292 303 302 293
1015 -160 156 355 294 305 303 294
1015 -172 160 355 293 305 303 294
1000 -176 149 356 294 305 304 295
1012 -156 129 358 297 308 307 295
1012 -160 152 358 295 303 300 293
1004 -141 137 358 296 307 306 296
1012 -152 133 356 295 306 305 295
1004 -137 117 357 294 306 305 296
1004 -137 125 357 295 306 302 292
1008 -133 125 357 292 304 302 294
1015 -137 168 357 293 302 301 293
1015 -141 160 355 290 302 298 288
1012 -149 149 353 289 301 300 293
1008 -149 156 356 291 303 303 294
1031 -129 66 354 295 306 305 298
1004 -129 58 354 295 304 303 296
1004 -145 70 355 295 303 303 297
1019 -133 74 355 294 305 304 298
1023 -133 86 355 295 306 305 299
1027 -137 86 358 297 304 302 296
1035 -137 58 357 298 306 302 295
1019 -133 47 357 295 303 303 296
1008 -137 31 354 293 305 302 296
1015 -121 101 358 300 310 305 296
1019 -117 113 356 298 307 302 294
1008 -121 117 353 294 305 303 297
1015 -109 105 355 295 306 303 296
1027 -117 101 353 296 306 302 296
1015 -113 98 351 294 305 303 295
1015 -121 109 352 296 306 303 296
1012 -121 109 353 295 306 302 296
1012 -117 113 353 296 307 304 298
1012 -125 129 356 298 308 305 299
1012 -125 137 356 299 307 302 295
1012 -121 137 354 296 307 302 297
1012 -121 141 354 294 301 299 293
1015 -125 125 353 294 302 300 293
1019 -121 125 350 292 303 301 294
1019 -117 129 356 298 309 308 302
1008 -113 121 355 298 309 303 295
1015 -117 125 355 295 304 303 294
1019 -117 125 352 295 304 303 297
1015 -105 117 353 296 306 304 298
1019 -105 117 355 298 308 306 299
1019 -109 125 356 298 305 301 294
1019 -109 133 355 295 303 301 295
1015 -113 125 355 298 308 307 298
1012 -117 137 355 298 307 303 294
1008 -121 129 355 296 307 304 298
1012 -125 129 352 295 305 303 297
1012 -117 121 353 296 306 304 298
1012 -121 141 355 298 307 303 294
1015 -125 145 357 297 305 302 296
1015 -129 156 352 296 305 303 297
1019 -133 145 354 295 306 303 297
1008 -133 133 356 298 308 307 301
1019 -141 145 355 298 307 303 294
1012 -137 129 350 294 304 302 294
1012 -137 129 355 298 307 304 296
1012 -125 141 357 300 306 302 296
1008 -117 133 358 302 310 304 296
1015 -125 125 356 297 304 302 296
1012 -125 133 352 296 305 303 296
1015 -117 121 351 293 301 297 291
1015 -129 137 351 294 305 302 296
1012 -125 141 357 300 311 308 299
1008 -125 137 356 299 307 303 294
1019 -129 129 355 295 303 301 295
1015 -125 129 352 296 306 302 297
1019 -133 141 352 296 306 304 298
1019 -117 125 356 299 309 306 299
1008 -117 129 353 296 306 304 296
1012 -125 149 354 295 306 303 297
1012 -121 137 355 298 308 304 294
1015 -121 125 355 296 303 302 295
1012 -129 133 354 295 304 299 290
1015 -125 141 352 296 303 298 291
1008 -117 141 355 299 308 303 294
1019 -113 129 354 295 305 303 296
1015 -137 137 354 296 306 304 298
1012 -117 133 356 299 308 306 300
1019 -113 149 358 298 306 303 296
1015 -117 137 357 298 307 305 299
1015 -117 137 353 294 303 302 296
1012 -125 129 352 296 304 303 297
1015 -117 129 353 297 307 305 298
1012 -109 141 348 292 299 295 290
1012 -121 141 355 298 305 300 295
1012 -109 129 355 295 304 301 296
1019 -121 137 353 295 306 303 297
1019 -125 137 354 298 308 306 300
1012 -125 156 356 300 310 305 296
1008 -121 133 357 300 309 304 295
1012 -113 117 353 295 303 298 292
1012 -125 141 353 296 305 303 297
1012 -113 149 353 297 307 305 298
1019 -109 149 355 298 306 301 295
1008 -101 149 351 295 305 302 295
1012 -113 156 357 297 304 302 296
1027 -125 137 354 295 304 301 296
1008 -117 133 352 297 305 304 297
1015 -117 137 350 292 302 299 294
1012 -101 129 355 299 309 307 302
1015 -113 145 355 298 308 304 296
1027 -121 137 355 299 306 302 295
1008 -117 141 354 295 306 302 296
1015 -125 137 351 295 305 303 296
1015 -121 141 354 298 308 305 299
10.116498708724976