949 -113 368 321 281 386 397 338
964 -117 376 317 278 382 394 331
980 -133 372 317 278 382 394 331
949 -109 364 323 282 383 392 330
945 -109 380 325 281 383 393 333
949 -113 380 320 279 383 395 333
980 -74 290 338 281 402 395 335
992 -66 270 335 280 401 394 334
988 -78 266 340 283 403 392 333
988 -86 270 338 283 403 392 329
996 -66 262 336 279 402 392 333
1012 -94 262 335 277 400 392 332
1000 -58 231 337 281 403 395 336
968 -70 247 338 282 405 396 334
1004 -121 207 338 280 401 396 334
1008 -125 207 336 280 401 396 333
1008 -145 203 340 283 400 392 332
1000 -141 180 338 281 399 391 330
1015 -172 176 336 280 401 395 335
1019 -176 180 335 279 400 394 334
1015 -168 156 337 282 402 395 331
1004 -152 137 337 279 397 392 331
1008 -172 152 334 279 398 393 332
1019 -168 149 336 279 399 394 333
1012 -145 152 336 280 401 395 332
992 -129 152 336 281 401 395 332
988 -149 164 336 281 402 394 331
1000 -149 156 338 282 399 391 331
1000 -188 149 336 279 399 394 332
1012 -188 145 333 278 398 391 331
1004 -172 121 331 275 393 388 329
1023 -227 145 331 277 396 391 331
1008 -219 125 332 276 396 390 331
1012 -219 141 337 282 400 392 329
1004 -192 141 337 281 398 390 329
996 -219 172 335 279 399 392 332
1000 -203 211 337 282 402 395 334
996 -184 211 333 280 399 393 334
996 -160 172 334 281 399 394 332
1008 -184 176 336 282 399 391 329
1019 -211 168 334 278 397 390 331
1015 -219 164 332 280 397 391 332
996 -235 176 334 281 399 393 334
1004 -235 192 337 283 402 394 332
1000 -215 192 336 280 396 389 329
988 -207 200 333 280 399 392 333
1008 -196 184 333 277 394 383 328
984 -184 160 332 280 399 393 334
988 -203 164 335 282 401 394 336
1004 -235 184 333 281 399 393 333
1012 -239 180 336 280 396 388 328
1004 -243 235 334 281 400 393 333
980 -243 251 336 282 400 390 330
976 -211 254 335 281 398 389 329
976 -215 262 336 280 396 390 329
968 -184 231 335 279 394 388 330
996 -215 227 331 278 397 390 331
996 -215 184 336 279 400 393 334
1004 -215 203 334 278 397 389 331
1015 -223 227 331 277 397 390 331
1012 -219 219 333 278 397 391 334
992 -207 231 334 280 399 393 333
1004 -200 227 331 277 396 389 330
992 -180 219 330 276 395 389 332
980 -188 219 334 280 398 389 330
988 -219 219 335 281 397 389 329
1008 -207 192 336 281 398 389 329
1012 -200 211 333 278 397 392 334
1008 -207 200 333 279 397 392 335
1004 -203 192 336 281 397 389 331
996 -200 184 332 278 396 388 332
1000 -200 188 333 277 397 391 334
1004 -196 192 331 275 392 388 332
996 -203 207 332 275 393 385 326
1008 -203 211 333 276 395 388 331
1004 -188 196 332 278 394 390 333
988 -192 207 333 279 397 392 335
1004 -207 200 334 279 398 392 332
1004 -203 211 336 278 394 388 329
1004 -192 203 330 276 394 390 330
992 -196 196 333 277 395 391 333
1000 -203 196 334 280 398 393 337
1004 -196 196 334 280 397 390 330
1000 -200 196 329 275 394 387 328
1004 -200 200 336 279 395 387 329
1004 -192 188 333 278 397 392 335
1000 -192 180 334 281 397 389 328
1004 -192 184 333 277 394 388 331
1004 -207 211 331 277 395 389 332
1004 -196 203 332 279 397 391 334
1000 -192 192 335 281 395 387 330
1000 -192 196 334 278 393 388 330
1004 -203 203 333 277 395 389 332
992 -196 203 334 278 393 389 330
10.023476362228394