964 -200 302 329 283 381 357 270
980 -200 309 329 282 379 357 270
976 -172 294 334 283 379 357 271
988 -192 294 332 282 379 357 272
980 -203 298 329 283 380 357 273
980 -192 298 327 279 375 351 265
968 -176 294 332 284 382 359 274
988 -200 325 329 283 380 357 272
996 -172 298 331 284 382 359 274
980 -196 309 332 285 383 360 275
957 -176 302 331 283 381 359 274
964 -207 313 331 283 381 356 272
980 -184 333 328 281 379 357 271
980 -180 313 330 284 380 357 273
984 -184 290 330 283 380 356 273
976 -192 302 332 285 383 356 269
972 -184 302 333 286 380 355 269
980 -188 325 332 285 382 357 271
972 -180 305 329 282 380 354 268
976 -203 317 330 283 378 353 267
976 -200 317 330 284 380 357 273
972 -211 302 333 286 382 359 273
976 -184 302 330 283 381 357 273
988 -192 309 331 282 380 356 272
984 -180 309 331 283 381 356 273
980 -168 305 331 284 382 357 274
984 -172 309 333 286 383 358 272
968 -176 286 330 284 381 357 273
988 -203 313 331 283 381 357 273
968 -200 305 332 285 382 358 275
972 -203 317 332 284 381 357 274
976 -176 298 349 287 387 359 275
992 -172 302 349 286 389 362 279
972 -176 278 353 286 389 360 277
972 -145 274 351 286 388 358 275
988 -156 298 350 286 388 358 275
980 -133 282 350 284 386 358 273
976 -160 286 348 282 388 360 277
984 -168 290 346 284 388 360 278
984 -168 302 345 282 387 360 277
1000 -180 294 347 284 387 361 278
988 -176 282 348 284 389 362 279
980 -180 290 349 286 391 365 283
984 -156 278 347 285 389 362 279
988 -164 298 346 285 389 362 280
1000 -156 290 347 283 388 361 279
992 -164 282 349 287 391 364 283
984 -160 294 349 287 390 360 275
976 -160 286 349 286 387 357 276
972 -156 282 344 281 384 355 276
992 -172 290 349 287 388 357 278
984 -168 298 350 285 385 358 277
984 -176 290 343 285 385 358 280
984 -160 302 341 285 386 357 281
984 -156 290 343 285 386 363 285
988 -168 294 343 286 387 363 285
984 -149 286 342 284 385 362 285
980 -152 290 341 285 386 363 285
980 -160 305 343 287 388 363 282
972 -141 274 340 284 381 357 279
984 -156 290 342 285 384 358 281
988 -149 290 338 284 381 356 281
980 -149 282 342 285 386 363 288
988 -149 278 339 286 384 361 286
984 -149 278 338 283 384 361 286
988 -141 274 340 285 384 361 287
984 -141 298 339 287 384 360 289
984 -156 317 340 286 384 360 289
980 -145 286 337 286 384 358 288
996 -133 274 339 285 384 360 290
988 -152 298 340 288 386 362 293
988 -149 309 340 288 385 362 288
988 -137 305 340 287 386 361 288
988 -149 286 336 286 381 358 288
10.619415283203125