1023 -149 82 330 397 374 363 295
957 -86 -11 351 402 374 366 296
1023 -121 43 351 397 371 366 299
1055 -125 31 351 398 370 366 299
1015 -121 7 354 399 372 367 297
1039 -94 43 347 395 365 359 295
1008 -74 19 350 395 363 358 292
1027 -94 31 348 396 366 362 297
1019 -90 43 349 394 366 361 297
1031 -121 35 350 398 370 366 301
1012 -113 15 349 398 368 362 295
1004 -98 0 350 398 368 361 294
1015 -129 11 349 396 367 363 298
1015 -137 23 349 397 368 364 300
1008 -98 19 348 396 367 363 298
1015 -105 39 347 396 367 362 299
1031 -121 31 348 396 367 363 297
1008 -113 19 349 398 367 361 295
1019 -125 27 351 397 365 359 296
1031 -133 43 349 398 368 361 295
1023 -117 19 351 400 367 360 297
1023 -121 35 349 397 368 361 296
1008 -101 23 349 397 368 363 299
1015 -113 27 346 395 364 361 297
1019 -109 7 345 393 365 359 297
1019 -113 15 344 391 362 358 295
1035 -117 19 350 398 370 363 297
1015 -101 19 348 398 368 361 296
1015 -101 7 351 397 365 359 296
1012 -94 19 351 396 364 360 297
1012 -90 39 349 398 366 359 295
1035 -113 23 349 398 368 364 297
1035 -129 0 347 394 365 361 296
1004 -90 -11 350 395 363 359 294
1023 -105 0 349 397 367 359 294
1015 -98 23 343 392 363 359 295
1027 -129 50 348 396 367 362 297
1027 -141 35 349 395 364 360 294
1023 -164 23 346 396 365 361 297
1019 -176 19 346 395 365 362 298
1031 -184 15 349 397 369 365 302
1019 -184 27 350 398 369 363 298
1008 -141 0 350 399 367 361 296
1027 -113 3 348 396 367 363 301
1004 -117 7 349 396 368 365 303
1019 -129 7 347 393 365 361 298
1019 -117 0 346 393 364 360 298
1012 -109 3 347 393 364 360 298
1031 -105 0 350 394 363 358 297
1023 -105 7 350 395 362 358 295
1015 -121 7 342 388 358 354 295
1012 -117 3 347 393 363 360 298
1023 -125 11 346 393 363 359 299
1027 -137 7 348 392 364 358 298
1023 -129 23 346 393 362 357 302
1015 -121 11 345 392 361 356 302
1019 -121 11 342 390 360 354 300
1012 -117 15 345 393 362 359 306
1027 -133 15 348 394 363 357 303
1012 -137 7 346 394 363 357 303
1012 -117 7 346 393 362 356 301
1023 -113 19 345 393 362 356 301
1023 -113 19 346 393 361 353 297
1019 -117 3 348 392 358 353 300
1015 -133 11 347 392 358 353 299
1019 -113 19 345 391 358 349 296
1027 -105 19 344 391 359 350 295
1019 -113 19 346 392 362 355 299
1015 -121 11 346 393 362 354 298
1023 -117 7 347 392 358 353 299
1023 -117 15 346 391 358 352 298
1027 -117 19 345 391 361 355 301
1019 -121 27 345 392 361 356 303
1015 -117 15 345 391 360 355 301
1015 -129 7 345 392 361 356 300
1019 -125 11 345 392 361 355 301
1023 -113 15 346 395 362 357 300
1027 -125 27 344 388 359 353 299
996 -113 11 345 392 361 355 298
1031 -149 35 345 393 361 355 301
1012 -125 15 344 390 360 352 297
1015 -129 23 345 392 360 354 297
1031 -129 31 343 390 360 353 297
1019 -133 27 348 395 361 356 299
1015 -113 11 342 388 359 353 295
1012 -125 23 345 390 360 353 297
1012 -113 23 348 394 360 352 295
1019 -133 23 347 391 358 352 294
1027 -137 19 347 392 358 351 292
1031 -125 15 347 394 360 352 294
1019 -129 39 347 390 358 352 295
1015 -133 27 348 392 359 353 296
1015 -121 27 345 390 359 352 296
1015 -101 15 344 390 359 353 294
1019 -109 19 346 391 361 355 298
1019 -129 39 346 390 359 354 295
1019 -113 19 344 391 360 354 297
1023 -137 27 345 390 360 354 297
1015 -129 19 346 392 362 356 299
1012 -137 35 346 393 363 357 301
1023 -141 43 346 393 362 355 296
1023 -117 31 347 393 363 357 300
1023 -113 19 346 393 362 355 295
1019 -121 23 347 394 362 353 293
1015 -117 15 346 392 362 354 295
1015 -117 35 346 392 362 357 295
1019 -121 23 347 394 364 357 297
1035 -141 35 344 391 360 353 297
1008 -121 31 345 390 360 354 297
1019 -113 47 346 393 363 356 300
1023 -129 31 348 392 358 354 296
1008 -121 15 347 393 363 357 297
1019 -133 39 345 392 361 355 296
1023 -125 27 340 388 356 351 295
1023 -121 15 345 389 360 355 298
1023 -121 23 343 389 359 354 296
1019 -125 31 346 393 363 357 299
1027 -141 19 345 392 361 356 296
1012 -113 11 347 392 362 355 295
1019 -133 35 347 393 361 353 294
1019 -125 43 348 394 363 357 298
1019 -121 31 347 393 364 358 298
1027 -129 39 347 393 362 355 296
1012 -113 31 344 391 359 353 299
1019 -121 43 348 391 358 352 297
1023 -113 27 345 389 358 352 297
1023 -121 27 349 394 362 354 297
1019 -121 27 347 391 357 351 296
1012 -117 27 345 392 361 355 300
1035 -125 50 346 392 362 356 301
1023 -125 27 346 391 361 355 301
1008 -113 23 346 392 362 356 300
1027 -129 39 342 388 358 351 298
1015 -109 27 347 392 362 356 302
1019 -121 15 346 392 361 354 301
1015 -121 19 347 393 362 358 304
1012 -121 35 345 391 361 355 301
1023 -105 27 346 392 361 356 302
1012 -117 27 347 390 359 353 298
1019 -113 27 344 390 360 353 299
1015 -105 31 344 390 359 354 300
1027 -117 35 344 391 359 353 300
10.006894826889038