447 764 360 341 384 376 353 249
443 749 356 339 381 372 351 249
419 753 364 341 382 372 350 249
407 753 360 340 383 372 348 244
415 780 341 339 383 371 346 246
427 737 376 339 382 373 351 250
435 745 368 341 384 375 350 247
435 753 341 339 382 373 350 248
364 764 309 339 383 372 347 245
325 760 325 337 379 371 348 249
309 768 298 340 383 375 349 248
200 717 309 339 383 373 348 250
152 745 262 337 380 371 346 250
137 741 239 336 380 371 346 250
66 800 207 336 379 370 345 250
11 866 192 335 379 370 344 249
43 894 203 335 378 368 344 249
27 917 192 334 379 368 344 250
3 1070 62 340 382 370 345 250
0 1078 27 333 378 367 344 249
50 1102 -11 338 382 370 344 248
39 1125 -78 338 382 372 349 248
-82 1188 -223 338 380 371 349 249
164 980 -27 336 381 371 350 249
258 1027 -141 336 379 369 348 247
266 925 -125 336 380 370 349 247
345 913 -105 335 380 370 349 247
325 921 -156 334 379 369 346 243
396 811 -98 334 378 368 347 241
400 855 -109 333 378 369 348 242
411 862 -98 333 379 368 347 242
458 706 15 334 378 369 345 242
604 541 305 334 380 366 344 246
502 462 506 329 375 363 343 245
490 733 458 335 379 363 341 246
270 659 517 336 379 365 343 247
356 811 435 333 378 366 347 251
164 725 451 332 377 365 345 249
215 823 435 332 377 366 345 249
243 764 458 333 378 367 345 250
184 768 439 333 377 365 344 249
109 721 490 330 373 359 339 243
58 792 431 334 376 365 342 250
-94 929 368 335 379 365 340 250
-50 941 333 337 379 365 339 250
-31 898 349 334 378 366 343 253
-90 847 356 333 378 366 343 255
-125 910 302 333 377 364 342 255
-180 894 294 333 375 364 339 253
-164 945 219 332 375 364 339 253
-156 910 172 331 375 363 340 253
-176 980 101 333 376 363 341 256
-219 1027 35 338 379 364 340 254
-31 1078 -137 329 375 360 341 258
15 1012 -121 331 376 361 343 260
94 917 -66 329 376 360 342 256
717 604 517 327 373 358 341 248
164 1086 -439 333 380 362 342 250
251 957 43 329 373 358 343 249
247 886 86 330 376 360 345 247
251 898 39 329 375 360 345 250
317 906 31 329 376 360 345 248
337 910 0 331 377 361 345 244
396 874 35 326 370 356 342 244
470 757 66 324 370 356 341 241
486 780 35 327 375 358 344 244
517 753 58 328 372 357 343 243
592 639 137 333 378 360 344 243
545 690 82 332 378 362 345 241
611 627 133 330 376 362 348 246
639 564 188 329 375 361 347 242
651 619 141 329 376 361 347 243
655 690 98 329 376 362 348 241
655 639 129 327 374 359 343 240
647 596 184 328 375 358 346 241
651 710 129 327 374 360 345 241
270 635 549 328 375 361 337 248
251 639 564 328 375 363 339 252
254 737 509 328 373 359 334 249
141 819 423 328 373 357 333 247
27 894 286 328 373 360 336 251
35 1008 243 331 377 360 334 251
-58 1019 145 333 379 361 336 255
-47 1047 50 332 376 358 335 254
-117 1066 11 332 379 361 335 254
-121 1039 7 330 378 362 337 255
-129 1039 -19 331 378 362 336 254
-125 1047 -74 332 376 358 336 256
-98 964 -39 329 374 358 336 256
-137 1015 -145 323 371 355 333 253
-125 992 -125 330 377 361 337 253
-113 1012 -98 330 377 362 336 253
-78 1015 -94 330 377 358 333 253
23 1000 -113 330 379 362 340 253
10.340160846710205