1015 -125 62 338 291 388 304 282
1008 -113 66 335 288 385 301 280
1012 -121 70 334 287 384 304 284
1012 -125 86 337 288 384 303 283
1023 -121 82 334 288 386 302 284
1004 -109 78 339 290 385 305 284
1027 -113 94 337 291 387 303 284
1023 -101 105 338 289 383 301 282
1015 -98 109 334 288 381 299 278
1015 -113 105 333 284 380 301 282
1027 -129 98 331 287 381 302 284
1012 -117 86 334 288 383 302 284
1012 -121 78 335 289 385 305 286
1023 -141 94 332 287 383 304 284
1023 -109 98 333 287 389 303 285
1008 -129 117 333 288 392 304 285
1023 -121 121 333 288 392 304 286
1015 -105 113 333 289 392 305 287
1008 -105 113 337 292 394 305 283
1019 -105 101 334 289 392 306 286
1012 -101 113 335 291 391 302 284
1019 -105 113 333 286 389 303 284
1015 -113 109 332 289 391 305 286
1019 -117 117 333 286 389 302 284
1008 -105 113 329 284 388 301 283
1019 -109 113 332 289 391 305 286
1019 -117 113 335 291 392 304 283
1012 -113 113 335 287 388 304 283
1015 -117 105 330 287 389 303 284
1015 -121 105 333 289 390 304 286
1019 -113 105 334 288 391 305 287
1012 -109 98 335 291 393 307 291
1012 -117 109 333 290 391 306 288
1012 -109 101 334 290 391 305 286
1012 -105 98 334 289 391 305 287
1015 -101 98 329 288 388 303 284
1015 -101 113 333 289 391 305 287
1019 -101 121 330 289 390 305 286
1015 -109 137 328 287 387 303 284
1015 -117 141 329 285 383 300 280
1015 -101 129 332 290 391 306 287
1019 -109 133 333 291 390 303 282
1015 -105 125 332 287 388 302 284
1012 -98 109 329 288 388 304 284
1023 -101 129 332 291 391 307 288
1004 -78 113 333 291 391 303 282
1012 -94 125 334 292 390 303 284
1012 -101 113 335 293 390 303 284
1008 -113 121 332 288 386 303 283
1023 -117 121 329 284 385 301 282
1012 -101 121 327 286 388 301 283
1023 -101 113 333 291 391 307 285
1015 -98 117 332 290 392 304 282
1015 -98 125 333 291 392 304 281
1015 -98 125 333 291 389 302 283
1015 -98 117 333 289 387 302 281
1015 -105 133 331 286 387 303 282
1023 -109 133 330 289 386 303 283
1015 -105 125 324 285 383 301 279
1015 -94 121 332 288 386 303 280
1012 -86 121 334 289 386 302 279
1008 -94 137 331 287 387 302 281
1023 -98 137 329 288 387 303 280
1012 -113 156 331 290 392 305 282
1012 -121 145 334 292 394 306 280
1015 -113 137 332 291 394 304 278
1012 -133 152 332 288 387 302 278
1023 -125 141 328 288 390 302 279
1012 -109 137 331 290 392 305 282
1012 -101 152 332 290 392 304 278
1004 -105 141 332 291 393 304 278
1015 -109 145 332 288 387 301 278
1015 -109 149 329 289 390 303 280
1008 -109 149 327 287 389 302 278
1015 -121 145 329 286 385 299 276
1019 -121 149 334 292 394 306 282
1008 -117 160 332 287 390 302 279
1019 -121 160 328 287 389 303 279
1015 -117 152 332 290 392 306 283
1008 -101 149 329 290 391 305 281
1012 -113 141 333 292 394 308 284
1019 -121 137 334 291 390 301 278
1012 -117 137 329 289 390 303 279
1015 -113 137 329 285 385 300 275
1015 -105 141 331 287 387 299 274
1008 -101 145 331 290 392 305 282
1008 -94 149 331 288 390 304 280
1004 -90 149 332 288 389 303 280
1008 -113 156 329 288 389 302 280
1012 -113 149 330 289 391 305 282
1015 -117 145 332 291 392 307 283
1012 -141 152 332 291 392 303 277
1012 -129 145 333 290 388 302 278
1008 -117 137 331 288 389 303 279
1008 -113 141 334 293 394 304 278
1012 -109 145 329 289 390 302 279
1012 -105 145 328 285 385 300 276
1012 -109 145 328 286 387 301 277
1012 -121 152 328 288 388 301 276
1012 -121 160 335 292 393 304 278
1008 -113 156 333 289 387 302 278
10.503295660018921