1019 -98 109 303 293 301 305 291
988 -90 113 304 292 298 302 286
1008 -78 101 304 293 298 301 287
1027 -78 109 302 291 298 302 288
1043 -105 121 300 292 298 304 289
1015 -98 125 300 293 300 305 291
1004 -94 133 303 295 303 308 294
1012 -90 121 303 295 303 306 289
1015 -105 113 301 292 300 305 290
1008 -133 113 301 291 299 305 289
1023 -113 86 302 295 302 305 287
1019 -117 94 302 295 301 303 286
1012 -121 113 303 294 299 301 287
1004 -125 121 304 293 298 303 287
1023 -113 125 302 292 299 303 287
1019 -90 117 300 291 299 304 290
1015 -86 117 300 292 298 304 290
1015 -109 125 301 292 300 304 290
1027 -98 121 301 294 301 305 291
1027 -94 101 301 294 301 307 293
1012 -105 113 296 288 293 296 282
1015 -109 125 299 291 296 299 284
1015 -109 105 301 293 300 305 290
1015 -117 105 299 293 300 305 290
1008 -121 117 301 293 300 304 290
1008 -86 98 301 294 301 305 289
1023 -78 113 302 295 302 308 294
1008 -62 129 302 295 302 308 291
1015 -86 133 302 295 302 304 287
1019 -105 141 303 295 300 302 288
1019 -113 152 300 290 298 302 288
1008 -125 152 301 294 301 306 290
1012 -121 141 299 293 300 304 289
1019 -105 117 299 292 298 303 288
1012 -109 121 300 293 299 304 290
1008 -86 125 301 292 300 304 291
1008 -86 149 299 293 300 305 291
1008 -86 137 301 294 301 305 291
1015 -101 137 302 295 302 303 288
1023 -117 133 303 294 298 302 289
1015 -125 137 300 292 298 303 289
1000 -121 137 302 294 302 305 292
1035 -98 113 302 292 298 303 288
1015 -105 121 300 290 298 301 288
1008 -105 117 298 292 299 303 290
1012 -125 141 298 289 295 301 287
1023 -121 160 296 289 298 301 288
1015 -101 149 299 291 299 303 290
1015 -94 133 302 294 301 302 287
1012 -101 152 303 294 299 300 287
1015 -101 145 302 292 299 303 289
1015 -113 145 304 294 298 302 290
1008 -121 145 299 291 298 303 288
1012 -121 149 301 294 300 304 291
1015 -133 152 300 292 300 302 290
1000 -62 70 306 297 301 301 290
1012 -50 86 301 294 300 300 287
1012 -125 129 301 293 299 302 291
996 -164 149 297 291 297 300 289
937 -101 172 305 298 304 304 290
913 -117 137 304 297 300 300 290
984 -133 121 302 294 300 303 292
976 -82 74 301 294 298 302 291
996 -82 105 305 298 303 303 289
984 -74 113 303 295 302 304 293
1000 -78 121 304 296 303 306 296
1012 -149 156 301 293 300 302 292
1019 -101 121 304 296 302 302 288
1027 -98 105 304 294 298 301 289
953 -227 141 304 293 299 303 291
929 -129 62 306 295 299 301 292
980 -215 113 306 295 299 302 290
984 -180 74 302 295 299 302 293
1015 -156 121 304 295 302 303 293
1027 -121 200 305 297 302 304 292
929 -172 239 305 296 302 305 291
953 -231 286 303 294 300 302 293
976 -188 317 305 297 302 305 294
929 -141 278 305 296 302 304 293
910 -113 211 305 297 302 303 291
984 -164 211 306 298 303 304 291
1012 -121 137 305 297 302 304 292
1078 -121 141 306 297 303 305 291
1168 -207 180 302 294 299 302 292
1121 -109 137 305 298 303 303 290
1070 -27 98 307 299 304 303 292
1019 -66 172 307 297 300 300 290
957 -137 137 307 297 299 301 292
1027 -105 109 307 299 303 303 291
988 -129 117 306 297 300 300 290
984 -160 125 306 296 298 300 291
1004 -156 274 311 298 301 303 293
972 -133 266 304 296 301 304 295
964 -160 290 304 294 301 302 292
957 -145 254 305 295 299 302 293
972 -176 278 304 295 300 302 292
964 -160 247 305 295 301 303 293
972 -141 243 303 295 300 301 292
10.452358961105347