-886 -11 262 323 291 300 292 349
-906 0 305 322 288 298 289 347
-913 -3 305 319 287 298 289 345
-913 11 294 325 289 299 289 347
-917 7 294 328 292 300 291 350
-925 15 286 323 291 302 293 353
-937 15 290 324 292 303 293 352
-937 19 298 321 288 300 291 348
-941 7 309 322 290 300 291 349
-953 7 313 326 292 300 289 348
-933 7 305 324 291 302 291 346
-925 11 290 326 292 302 291 347
-917 3 294 325 292 303 292 349
-925 27 290 322 291 301 292 351
-917 23 302 321 290 300 291 349
-921 31 305 323 289 299 290 348
-925 23 298 326 293 304 294 350
-921 19 305 324 291 302 293 352
-917 7 302 323 290 302 292 350
-913 15 305 322 289 300 290 348
-941 15 298 322 290 299 291 349
-933 23 305 321 288 300 291 348
-929 31 309 325 293 301 289 348
-929 11 313 319 287 298 289 347
-921 15 302 324 292 302 293 352
-925 27 294 323 290 301 292 350
-925 23 309 324 292 300 293 350
-925 27 309 322 290 299 291 350
-921 39 302 324 292 302 292 350
-929 35 309 324 288 300 290 349
-921 43 302 325 293 302 291 347
-929 50 302 325 292 304 296 355
-925 43 302 325 292 303 294 354
-937 27 317 324 291 302 292 352
-937 35 305 324 290 301 292 350
-925 35 305 322 290 301 292 350
-933 27 305 321 289 300 291 350
-925 35 302 320 286 297 288 345
-917 23 302 325 292 303 294 352
-913 39 298 325 293 300 290 346
-929 31 309 325 293 303 293 352
-929 27 313 327 292 300 291 349
-925 31 317 324 291 302 292 349
-929 27 302 322 290 301 291 350
-921 35 313 326 294 302 291 347
-913 39 302 321 289 299 290 348
-910 27 305 319 287 298 288 342
-917 35 309 326 292 303 293 351
-917 31 305 322 290 299 291 350
-913 47 305 326 293 305 296 356
-921 35 302 324 292 302 293 352
-933 39 313 325 293 303 296 355
-925 27 313 324 291 301 292 351
-921 39 309 322 290 301 291 349
-917 43 313 323 288 297 287 345
-917 43 313 325 290 299 288 344
-925 39 305 322 289 299 290 347
-929 47 309 325 291 299 290 348
-929 27 313 325 290 301 291 349
-925 39 305 326 293 302 289 347
-921 31 313 325 293 302 291 346
-921 27 321 324 292 302 293 350
-913 43 309 325 293 303 296 352
-910 82 302 326 293 303 294 352
-921 47 305 325 293 303 294 354
-917 58 298 323 290 301 292 350
-921 70 282 324 292 301 292 350
-917 58 290 324 289 301 292 350
-925 66 286 325 294 305 296 351
-925 62 294 324 292 302 293 349
-921 43 298 324 293 303 292 348
-925 54 290 319 289 299 291 347
-933 47 290 320 289 298 290 348
-937 50 302 319 288 298 289 346
-929 43 298 323 289 300 290 348
-929 43 305 324 292 302 293 349
-925 50 290 322 291 302 293 350
-921 62 294 322 290 299 291 349
-917 66 298 322 289 300 290 348
-929 66 302 324 290 299 291 347
-921 70 302 324 292 303 291 347
-906 74 294 324 293 303 291 347
-917 54 305 323 291 302 292 351
-917 66 298 325 293 303 294 350
-921 58 286 323 292 302 293 352
-921 43 305 324 292 302 294 353
-917 50 290 324 293 303 294 353
-921 74 282 321 290 300 291 348
-917 74 313 323 292 302 293 351
-913 78 298 324 293 300 289 345
-906 62 305 324 293 301 290 345
-913 70 278 323 292 301 293 350
-925 86 258 325 294 306 295 351
-937 90 258 322 291 300 291 349
-929 74 262 322 290 301 292 350
-941 82 262 321 290 301 290 349
-941 109 251 322 291 301 292 350
-941 78 270 321 289 300 290 348
-945 86 266 322 290 301 290 349
-945 78 274 327 295 303 290 349
10.404738426208496