996 -152 243 333 280 296 371 341
996 -180 247 332 279 295 371 339
996 -145 207 330 276 290 363 332
996 -156 247 332 277 294 369 338
996 -180 262 330 276 294 367 337
992 -168 227 331 278 293 369 338
980 -184 235 332 279 295 371 340
1004 -203 231 332 280 294 370 339
1000 -203 223 330 276 293 368 335
1004 -200 200 331 278 293 370 338
1000 -196 215 332 278 295 371 338
992 -200 207 333 279 296 370 336
996 -211 219 334 280 295 367 334
1004 -196 207 335 279 293 366 335
976 -188 235 330 276 292 368 335
992 -203 243 331 278 294 370 338
1008 -219 243 331 277 293 369 337
1008 -211 235 331 277 293 369 337
996 -207 235 332 279 295 371 339
996 -192 247 330 277 292 369 337
996 -200 235 328 276 293 368 335
996 -200 223 331 276 294 370 338
1008 -215 231 332 279 295 371 341
1004 -207 227 332 279 296 371 336
996 -203 207 334 277 292 367 334
992 -215 231 331 275 292 368 336
996 -200 223 328 275 293 368 336
1004 -196 231 332 279 294 370 339
996 -211 239 336 281 295 369 337
1000 -223 239 334 279 294 368 333
980 -219 223 331 274 289 364 333
1004 -262 227 333 278 294 370 339
1000 -254 219 333 277 294 370 339
1004 -235 215 333 279 296 371 336
988 -223 231 332 276 293 369 338
996 -219 235 330 278 294 370 338
996 -219 223 334 280 298 375 342
996 -227 239 332 278 295 371 338
996 -235 243 333 279 296 368 335
984 -207 219 335 281 295 368 336
996 -211 215 332 278 294 369 338
1000 -215 231 330 278 293 368 337
1000 -219 223 331 277 294 369 337
1004 -231 231 330 279 295 369 338
996 -223 239 327 274 291 366 335
980 -207 227 331 276 292 364 331
984 -211 231 331 276 292 365 335
992 -211 227 331 275 292 367 336
996 -211 223 334 278 293 364 334
984 -196 223 332 278 295 368 339
992 -219 231 331 277 294 368 338
992 -219 247 330 278 295 369 339
988 -215 247 332 279 296 369 338
1000 -203 247 332 280 296 367 334
1000 -219 251 334 278 293 367 337
996 -235 247 331 276 292 366 337
984 -223 239 330 278 293 367 338
1000 -227 247 331 278 294 367 338
996 -215 243 332 279 296 369 338
988 -203 243 333 279 296 371 343
992 -203 239 331 279 295 368 341
996 -207 243 332 280 296 369 337
992 -211 254 333 279 296 368 337
984 -215 243 334 280 294 366 336
992 -223 258 334 279 293 367 337
992 -215 239 330 275 292 366 337
980 -211 243 331 276 293 363 332
988 -223 262 331 275 290 361 334
992 -215 243 332 280 296 370 343
992 -211 243 331 279 296 368 339
996 -215 243 332 279 296 368 337
992 -211 243 332 279 296 369 338
992 -215 247 327 273 292 362 335
1000 -215 251 331 279 295 369 341
992 -215 251 330 278 295 368 339
992 -215 251 330 279 295 367 339
996 -207 243 330 276 294 367 338
1000 -215 239 330 278 295 367 339
996 -215 243 332 278 295 368 339
984 -207 243 331 278 293 367 338
988 -215 231 331 278 295 368 340
992 -219 235 327 272 288 357 332
984 -211 251 334 279 293 365 337
1000 -196 239 332 279 296 369 338
1000 -211 258 333 280 297 368 337
1000 -215 286 328 276 292 366 337
996 -235 282 333 278 292 366 337
980 -203 274 331 276 292 365 337
988 -196 262 329 277 293 366 336
996 -200 239 329 278 293 366 338
984 -196 247 337 283 296 366 339
1015 -219 247 332 279 295 368 340
1000 -223 247 331 277 292 365 338
996 -219 247 331 280 294 366 339
996 -219 243 332 281 296 367 339
988 -219 239 334 282 295 365 334
984 -219 239 332 281 296 369 339
988 -211 239 335 283 295 365 338
992 -207 235 333 280 295 368 340
980 -207 231 328 277 291 364 335
988 -200 239 334 280 293 364 334
984 -215 254 327 274 287 361 332
988 -211 235 332 282 296 367 337
1004 -239 247 334 281 293 363 335
1008 -239 231 331 279 294 364 337
1004 -223 235 338 287 298 370 340
996 -200 227 334 280 292 365 334
988 -196 215 333 278 292 364 336
992 -196 231 334 279 295 368 340
1000 -184 247 333 278 295 365 339
992 -184 231 330 276 293 366 338
10.984968185424805