1098 31 31 336 376 412 396 352
1055 43 7 334 374 408 393 349
1004 27 -27 334 373 409 393 349
984 35 -47 338 375 408 394 348
1008 19 -50 335 375 411 395 350
1015 7 -15 335 376 411 395 350
1019 11 0 332 374 409 393 349
1027 11 -31 337 377 412 398 354
1008 11 -19 334 375 410 395 351
1027 31 -35 331 373 409 393 349
1015 39 -11 331 372 407 393 346
1019 27 -3 335 377 409 390 346
1015 11 -27 335 376 410 393 345
1012 15 -43 333 375 410 395 350
1012 0 -50 333 375 410 395 352
1004 0 -54 331 372 407 393 347
1000 3 -70 337 376 408 392 349
1008 11 -70 335 375 407 390 346
1008 31 -47 339 381 413 396 352
1023 0 -3 337 378 412 395 348
1015 3 -15 332 371 405 387 346
1027 3 -11 332 373 406 389 346
1012 15 11 334 376 409 392 347
1019 19 19 334 375 410 396 351
1023 11 0 333 373 409 395 352
1019 27 -39 334 373 407 394 350
1023 15 -7 331 374 408 394 352
1019 15 -11 331 373 408 393 351
1012 47 -39 333 372 408 394 351
1019 15 -39 330 371 405 388 346
1004 19 -54 333 375 410 396 352
1012 31 -43 333 375 410 396 352
1031 7 -31 331 374 409 395 353
996 50 -58 332 374 410 395 355
1004 35 -35 329 372 407 394 350
1012 15 -23 329 372 408 393 351
1015 23 -39 334 372 405 391 350
1008 11 -27 331 373 407 391 347
1015 31 -19 328 371 406 392 350
1019 31 -15 332 374 409 395 353
1027 11 -11 332 372 408 393 352
1023 15 -27 332 372 408 392 351
1008 27 -31 332 371 406 394 351
1008 23 -23 335 375 407 390 350
1008 23 -19 334 376 410 394 350
1023 31 -35 332 374 409 395 353
1012 19 -39 333 375 410 394 351
1027 15 -43 332 374 409 395 355
1004 19 -19 326 366 404 388 348
1012 31 -23 329 372 407 392 351
1008 31 -35 333 373 405 392 350
1012 23 -27 335 379 412 394 350
1027 23 -23 332 376 410 395 352
1019 19 -31 332 374 410 396 352
1008 23 -50 331 373 408 394 353
1008 19 -50 329 373 407 393 352
1008 31 -31 331 371 407 391 352
1015 23 -23 335 377 409 391 351
1027 11 -43 327 371 406 391 348
1004 27 -23 332 376 408 391 350
1023 31 -39 332 375 409 393 350
1008 31 -58 333 376 410 397 357
1012 19 -47 330 373 407 394 352
1008 23 -54 328 372 406 392 351
1015 39 -35 329 370 406 391 350
1012 47 -23 333 376 409 392 350
1015 35 -39 330 374 408 394 353
1012 27 -43 330 373 408 394 353
1008 27 -50 328 372 407 392 351
1008 31 -31 331 372 407 393 351
1027 19 -35 329 369 405 391 350
1008 27 -35 333 376 411 399 356
1008 27 -35 329 370 405 391 350
1008 19 -35 331 374 409 395 350
1019 19 -43 330 374 410 395 350
1012 31 -35 329 373 408 394 353
1012 35 -35 329 373 408 393 354
1004 31 -23 331 373 409 394 352
1012 27 -27 329 372 406 392 351
1015 23 -31 330 370 404 391 350
1012 35 -39 329 369 404 390 349
1012 15 -19 328 370 406 390 349
1008 35 -35 332 376 409 392 348
1015 23 -19 329 372 408 393 352
1008 35 -27 329 372 406 392 351
1012 27 -35 327 370 406 391 350
1012 31 -31 327 371 405 392 348
1015 31 -39 329 372 405 391 351
1023 31 -27 328 370 404 390 349
1012 31 -43 331 375 408 391 348
1015 31 -43 331 374 409 391 348
1000 19 -39 331 373 408 394 354
1012 35 -47 330 372 408 392 353
1019 11 -23 330 372 406 391 350
1027 11 -31 328 370 405 390 349
1000 27 -27 328 368 405 390 348
1000 23 -50 329 368 403 390 348
1012 27 -50 331 371 407 392 352
1000 23 -27 332 374 410 395 356
1012 11 -31 329 371 404 390 349
1015 11 -39 329 369 405 389 348
1004 15 -39 330 368 404 388 348
1019 7 -15 330 369 403 386 343
1027 15 -27 332 373 408 390 346
1008 27 -43 332 370 403 388 346
1012 23 -27 331 372 407 392 348
1008 23 -31 331 373 408 392 347
1012 19 -50 330 372 407 394 350
1023 -11 19 330 369 405 388 348
1019 -7 -15 329 371 407 392 351
1004 -3 -35 327 370 405 390 349
1000 3 -47 328 370 404 390 348
1015 7 -19 330 370 405 390 349
1023 -15 0 328 368 404 389 347
1019 3 -19 333 374 408 391 346
1023 11 -43 331 372 407 391 346
1008 19 -39 330 372 407 393 349
1039 -7 0 330 372 407 391 347
1012 3 -43 329 369 404 390 348
1027 0 -94 330 369 401 386 346
1004 15 -113 332 373 406 389 347
968 43 -101 330 371 403 389 347
1000 39 -74 332 371 403 387 343
1008 11 -58 330 371 407 392 348
1023 19 -86 331 372 407 393 353
1015 19 -86 329 370 406 390 349
984 19 -125 331 374 407 392 351
996 3 -94 331 372 408 390 346
976 7 -47 329 371 407 391 351
1000 3 -7 328 370 404 390 348
1008 15 -47 330 368 406 389 348
1012 7 -47 329 368 405 389 348
1004 15 -47 327 367 404 388 347
1012 15 -35 328 367 401 384 341
10.764705181121826