694 -156 757 336 290 388 373 334
639 172 619 329 287 387 371 332
635 129 651 333 291 389 370 330
611 74 710 335 290 388 370 330
600 27 757 333 290 391 374 332
623 -39 859 333 291 392 375 336
388 -90 945 331 290 390 374 334
384 -43 941 330 289 388 372 334
384 -39 945 329 287 387 370 331
372 -43 961 330 287 386 370 330
380 11 957 332 288 387 372 332
721 66 729 332 292 388 369 329
713 101 733 330 289 388 371 333
702 156 741 328 287 382 363 325
666 196 717 331 289 388 372 333
655 172 698 330 287 385 369 331
631 196 670 328 289 386 369 330
635 188 651 333 291 388 370 332
643 152 627 332 292 389 370 329
651 62 670 331 291 389 373 336
639 62 686 328 289 387 371 332
604 101 698 329 289 387 370 332
372 -98 937 328 289 388 371 334
380 -82 937 327 287 387 370 333
388 -90 945 328 287 386 369 332
376 -58 933 328 287 386 369 332
384 -74 953 329 289 389 371 333
372 -70 949 327 288 385 369 331
353 -54 957 328 289 388 371 334
356 -58 949 328 289 388 371 333
349 -39 949 328 290 388 371 333
372 -7 953 323 287 385 367 329
364 47 961 319 281 380 363 325
364 98 968 326 286 385 369 331
388 117 984 327 286 384 367 330
353 168 972 328 288 386 370 330
360 70 1019 326 286 384 368 330
364 58 1023 325 287 385 369 330
376 -109 1192 330 292 390 371 331
415 -215 1219 329 291 387 367 327
451 -235 1157 326 286 384 367 331
466 -239 1066 326 288 385 369 332
486 -235 996 326 289 388 370 333
502 -270 957 328 291 388 369 329
490 -254 874 327 290 387 370 331
478 -215 788 326 289 386 369 333
502 -227 741 326 290 387 370 334
521 -219 678 328 292 390 374 335
549 -207 643 328 291 385 365 329
572 -219 596 326 286 383 367 329
608 -247 584 328 290 388 368 329
619 -254 596 327 290 387 368 330
635 -235 584 329 290 384 365 327
674 -254 588 328 289 384 368 331
713 -247 596 326 288 386 369 332
717 -247 611 322 286 383 366 329
702 -353 662 324 285 380 363 325
694 -513 741 326 290 386 369 333
615 -506 729 326 290 385 368 331
584 -482 710 325 288 385 367 330
710 -302 757 328 290 385 368 329
690 -66 749 328 292 387 366 326
651 19 753 328 291 386 366 327
670 74 788 327 291 386 366 326
647 172 808 326 290 387 369 329
298 58 1066 327 292 386 366 327
325 54 1047 327 291 387 369 333
349 50 1023 321 285 382 364 328
333 35 976 324 288 384 365 329
321 39 961 322 287 383 366 327
321 7 945 327 291 385 365 328
337 -35 941 325 290 386 369 330
329 -35 925 325 290 386 368 333
345 -47 933 329 294 387 366 330
584 -251 721 326 291 384 364 328
623 -270 725 327 291 384 364 329
627 -309 749 323 289 385 367 330
643 -360 760 323 289 383 366 329
615 -380 760 321 289 384 366 329
611 -396 764 320 285 380 363 325
643 -384 768 323 290 385 367 331
639 -258 745 324 291 386 368 332
659 -196 737 322 289 385 366 330
694 -137 749 323 290 386 368 331
666 -7 741 325 291 387 367 328
670 101 776 325 292 387 367 329
623 160 804 323 291 386 368 331
604 207 768 325 290 383 362 326
592 215 737 320 288 383 365 326
580 172 725 319 288 383 365 327
572 184 678 322 290 385 367 330
557 176 678 322 290 385 367 331
521 109 710 323 290 385 367 331
498 78 749 323 290 385 367 330
521 -109 851 323 290 384 366 329
509 -223 913 324 289 385 367 330
494 -180 910 322 290 385 367 331
443 -380 1086 325 292 387 369 332
384 -309 1070 324 291 387 367 328
396 -388 1094 323 290 385 367 331
404 -376 1019 326 291 384 365 329
384 -353 988 321 288 381 364 327
380 -368 961 320 288 383 365 327
368 -376 941 322 289 383 365 329
345 -345 886 323 291 386 367 332
333 -282 843 322 290 385 367 331
388 -290 886 317 285 378 361 323
380 -98 890 325 292 388 368 328
349 -7 941 324 291 386 367 328
313 62 1027 322 288 383 365 328
282 168 1039 317 286 380 362 326
286 184 1063 325 292 388 371 335
321 149 1039 323 290 385 367 330
317 145 1008 324 291 387 365 327
294 133 1000 324 291 385 364 326
10.031462669372559