1008 -90 -172 323 323 387 353 373
1008 -160 -129 319 315 381 345 364
1015 -152 -156 314 316 380 344 366
996 -133 -145 316 318 381 348 365
988 -125 -149 318 319 382 345 362
1004 -113 -141 316 316 377 345 364
996 -133 -133 317 313 379 345 364
1008 -125 -156 316 316 380 344 362
1000 -101 -156 312 310 376 342 361
992 -113 -152 312 312 377 345 365
992 -129 -145 315 315 381 347 365
1012 -98 -78 316 316 380 349 366
992 -70 -82 318 318 384 351 370
1027 -98 -86 317 316 381 349 369
1015 -125 -86 317 316 380 349 369
1008 -117 -86 316 317 381 351 371
1031 -133 -70 316 317 382 347 365
1015 -86 -82 318 316 381 343 364
1015 -98 -82 321 321 385 349 368
1031 -125 -98 317 316 382 348 365
1035 -121 -94 317 317 380 343 364
1015 -94 -90 317 313 378 345 363
1019 -90 -86 318 315 376 345 363
1019 -94 -105 318 314 375 344 363
1027 -113 -94 318 318 383 346 363
1023 -101 -109 315 313 378 346 365
1000 -109 -90 317 317 383 345 362
1015 -125 -66 318 315 375 344 365
1027 -101 -129 317 317 382 345 363
1004 -105 -101 317 316 380 348 368
1004 -94 -117 316 314 381 347 365
988 -98 -125 317 316 379 344 362
996 -125 -121 318 317 380 343 363
1000 -129 -137 316 313 375 343 363
992 -113 -129 313 314 377 347 365
1004 -121 -137 314 315 378 346 365
1004 -121 -145 317 316 382 348 364
1019 -117 -137 317 317 381 344 363
1023 -109 -94 316 315 377 342 361
1023 -121 -137 319 316 376 344 363
1008 -94 -137 314 314 378 344 363
1008 -101 -117 316 314 378 346 365
1015 -90 -133 317 317 381 345 362
996 -117 -121 317 313 379 344 364
1023 -121 -121 317 316 382 348 368
1004 -90 -109 317 318 380 346 362
1012 -90 -117 319 315 375 343 362
1027 -109 -121 319 315 377 343 362
1015 -105 -121 312 311 376 343 362
996 -94 -101 313 314 378 347 364
1015 -86 -101 315 314 378 346 364
1027 -172 -11 319 314 377 343 364
1039 -160 -43 316 312 371 338 361
1012 -156 -27 314 312 376 342 363
1035 -137 -19 314 313 374 344 362
1035 -117 -7 317 316 378 345 365
1023 -160 -7 317 317 378 345 361
1019 -152 -23 318 317 380 345 360
1008 -160 -27 319 315 375 342 363
1019 -156 -43 315 314 376 342 363
1019 -164 -74 320 317 376 342 361
1008 -160 -86 322 321 381 346 363
1008 -156 -101 321 317 375 343 360
1012 -176 -94 315 315 375 343 364
1008 -172 -86 316 315 377 345 365
1004 -156 -90 316 316 377 345 364
1004 -152 -98 318 317 377 343 361
1000 -160 -90 312 311 373 342 360
1008 -164 -94 314 312 374 343 360
1008 -184 -86 318 316 377 345 363
1004 -176 -78 319 318 378 342 360
10.522528409957886