992 -164 -129 304 335 307 299 311
1023 -160 -101 305 337 309 300 312
976 -94 -149 306 337 310 303 316
1008 -133 -168 303 335 307 299 313
976 -188 -141 303 334 307 300 313
984 -239 -141 302 334 309 300 315
961 -168 -184 304 336 309 300 311
988 -160 -227 305 333 304 297 312
968 -219 -149 301 331 308 298 317
984 -215 -141 300 331 306 299 318
996 -231 -113 306 336 310 303 319
949 -152 -160 304 334 310 301 316
1012 -235 -203 304 333 308 300 314
1012 -243 -145 303 332 308 301 313
1004 -192 -196 299 331 306 298 311
1023 -223 -168 302 334 308 301 312
1000 -254 -125 304 338 311 301 309
996 -168 -160 305 335 308 299 311
1070 -152 -254 303 334 309 300 312
972 -196 -231 305 337 312 303 315
796 -23 -317 306 337 309 297 309
1043 -215 -286 303 336 309 299 312
1015 -184 -223 302 337 309 300 313
843 305 -384 305 338 312 301 311
1000 31 -243 306 337 308 297 309
1027 -133 -149 305 337 312 299 308
992 -74 -196 302 334 308 298 309
984 -7 -258 302 332 305 295 309
1012 -137 -219 302 333 305 296 308
937 -39 -278 302 333 309 299 311
866 90 -353 303 335 308 298 313
976 -196 -266 304 336 310 300 316
972 -133 -325 301 335 309 298 317
1000 -180 -231 311 333 305 295 309
968 -160 -196 312 333 308 297 310
992 -176 -172 309 335 308 298 314
1031 -180 -203 308 330 305 294 305
968 -90 -203 307 331 308 297 312
996 -137 -196 311 336 311 301 315
1019 -125 -239 311 333 310 299 313
941 -86 -196 312 335 310 295 311
1004 -137 -227 311 338 310 296 310
992 -149 -207 309 332 309 296 313
957 -90 -243 311 336 313 297 311
976 -98 -231 304 331 304 291 307
1004 -121 -231 311 337 312 297 311
992 -90 -243 312 337 312 296 311
1000 -90 -231 312 338 315 300 313
968 -101 -239 310 336 312 299 311
988 -129 -219 310 336 312 299 312
1000 -125 -235 311 337 312 295 309
1000 -113 -235 306 333 311 297 311
1012 -258 -200 311 330 312 300 318
984 -219 -203 310 331 312 299 318
972 -180 -223 315 333 316 302 319
1023 -231 -219 311 331 312 300 318
964 -239 -196 305 325 306 294 315
976 -247 -223 314 330 310 297 316
976 -239 -235 309 328 309 296 315
964 -239 -203 311 331 312 300 320
988 -247 -211 313 332 313 300 320
976 -239 -196 312 330 312 298 318
988 -227 -203 312 331 313 299 315
1000 -223 -231 314 332 314 302 319
980 -227 -215 314 330 309 296 316
980 -251 -223 310 329 311 298 316
968 -247 -247 312 328 312 299 318
961 -152 -309 310 331 308 296 311
968 -235 -235 314 330 309 297 315
972 -231 -235 312 327 310 297 315
968 -219 -247 312 331 312 301 319
964 -258 -219 315 331 309 297 315
992 -258 -227 312 332 312 298 312
957 -200 -247 308 329 310 298 315
984 -262 -219 309 329 312 298 317
984 -305 -207 309 332 314 301 319
980 -266 -235 310 332 313 299 313
972 -227 -243 312 332 310 295 312
972 -247 -235 303 326 305 291 309
980 -258 -223 306 330 311 297 315
972 -254 -215 304 327 308 296 311
980 -223 -247 306 330 309 298 313
980 -231 -239 307 332 311 299 316
976 -262 -231 307 332 311 299 316
968 -278 -227 309 333 311 297 310
1012 -192 -168 308 332 313 299 317
1000 -180 -168 310 332 313 299 313
1000 -211 -184 310 330 309 296 312
1000 -227 -188 307 330 311 297 314
992 -207 -211 308 331 312 299 317
972 -215 -223 310 332 312 298 313
953 -215 -235 307 330 311 299 314
968 -211 -231 312 333 312 296 314
976 -200 -219 313 331 309 299 313
980 -188 -207 305 329 312 296 314
996 -196 -196 308 330 312 300 316
1004 -203 -196 309 332 313 300 314
992 -192 -196 316 334 314 299 315
996 -184 -200 307 329 309 297 314
992 -215 -196 308 329 312 299 315
1004 -243 -180 306 328 311 295 308
972 -160 -219 306 330 310 295 309
984 -168 -219 307 329 309 297 313
996 -231 -215 308 331 311 298 315
961 -168 -247 310 332 311 297 311
964 -156 -247 308 330 309 297 312
980 -188 -235 307 330 311 298 316
976 -184 -235 309 329 311 298 315
968 -129 -247 307 331 312 299 318
1000 -176 -243 310 333 315 302 318
992 -211 -231 309 334 312 297 311
988 -223 -215 309 331 309 296 312
984 -192 -231 308 330 309 296 313
10.89172101020813