972 -286 -137 297 305 362 325 219
992 -321 -117 297 305 362 326 221
996 -333 -125 299 306 363 328 222
972 -313 -121 298 306 363 326 221
1008 -345 -109 294 301 358 323 217
964 -274 -133 294 303 360 323 221
976 -364 -98 298 302 357 322 218
984 -270 -137 295 301 359 323 218
988 -313 -121 297 303 356 320 219
992 -353 -98 295 303 361 322 221
961 -286 -121 299 304 357 321 219
1019 -364 -129 297 300 364 324 224
933 -353 -82 300 300 362 323 223
1027 -349 -78 301 301 362 322 223
980 -372 -43 297 299 362 323 222
1015 -462 -23 301 304 367 324 223
961 -337 -7 302 302 364 327 226
1012 -431 -54 301 304 370 326 224
1008 -364 -62 300 303 365 324 223
894 -400 -7 297 301 366 325 225
929 -360 -74 299 300 363 324 223
1051 -462 -82 297 299 364 323 224
925 -321 -113 297 301 364 325 224
929 -364 -47 297 301 364 325 225
1008 -372 -86 298 300 364 326 224
988 -341 -54 298 303 365 327 224
957 -435 0 298 303 365 327 224
1031 -353 -133 301 304 367 327 225
941 -317 -101 299 303 365 326 228
1008 -364 -90 297 301 363 324 225
980 -109 -117 302 306 361 326 222
1000 -207 -90 297 304 359 322 221
1031 -200 -113 297 301 358 324 221
1000 -105 -168 291 298 353 321 219
996 -98 -152 291 300 356 323 220
1027 -172 -129 296 304 359 327 226
984 -133 -141 297 305 359 325 220
996 -133 -137 298 305 357 323 220
1012 -137 -137 296 301 354 322 220
1019 -117 -164 293 303 355 324 221
1008 -188 -113 294 302 356 323 218
1023 -176 -121 291 302 354 322 217
992 -145 -101 297 305 359 324 219
1019 -129 -105 298 306 359 326 223
1031 -137 -101 296 305 358 326 225
980 -121 -86 298 304 356 321 220
1027 -70 -113 298 306 357 322 219
1015 -90 -86 298 306 358 328 225
1027 -113 -109 297 305 360 327 224
984 -101 -164 296 302 356 323 222
984 -152 -152 297 303 357 323 221
1012 -215 -149 294 302 355 321 221
886 -74 -200 296 300 355 322 221
1035 -258 -180 292 298 349 319 220
1015 -243 -145 296 303 354 323 225
988 -262 -188 296 304 353 322 222
1004 -282 -223 297 304 353 321 222
984 -302 -188 296 300 350 319 223
945 -266 -117 295 301 351 321 225
1004 -321 -101 295 301 352 321 226
972 -262 -70 296 304 353 325 230
1015 -251 -58 295 302 351 318 225
1043 -266 -54 293 301 349 319 224
992 -247 -54 292 301 347 319 225
988 -235 -62 294 300 351 319 225
1023 -231 -66 296 305 354 324 227
1015 -243 -62 295 303 352 317 222
1019 -247 -90 299 303 350 317 226
1043 -219 -215 298 306 360 320 220
980 -305 -133 298 305 357 318 219
925 -309 -192 294 303 357 318 220
913 -207 -227 296 302 358 320 221
980 -203 -254 297 304 359 321 221
980 -302 -223 297 305 360 322 220
945 -353 -184 296 303 360 322 220
1035 -235 -235 296 303 359 322 219
945 -156 -207 295 304 361 323 221
910 -211 -133 289 300 353 318 216
1066 -215 -200 291 297 355 317 215
984 -203 -188 295 304 360 323 221
945 -231 -141 297 306 363 323 216
1027 -219 -184 298 304 357 319 216
961 -215 -188 296 306 359 324 217
917 -258 -133 294 303 357 322 216
1023 -196 -207 298 306 360 322 214
980 -282 -156 297 306 360 323 213
1015 -231 -176 297 305 360 324 217
976 -121 -207 294 303 358 321 216
949 -302 -105 292 304 359 322 217
1000 -192 -152 293 303 357 317 225
988 -192 -137 294 301 356 316 226
1012 -227 -145 292 300 354 314 221
988 -227 -141 291 302 356 317 225
1004 -219 -152 295 304 359 320 226
1008 -251 -117 297 304 355 317 225
996 -239 -121 293 301 358 317 226
1000 -239 -117 292 303 357 319 227
1008 -223 -129 294 305 360 320 227
992 -231 -129 296 304 356 317 225
996 -243 -133 296 306 356 316 224
984 -239 -141 292 302 358 318 226
976 -254 -145 293 303 359 319 228
1008 -313 -156 293 302 356 317 225
976 -298 -141 293 303 357 320 227
972 -294 -121 294 303 358 319 228
992 -321 -121 296 307 360 319 226
1012 -298 -137 296 305 360 318 225
976 -290 -129 295 302 355 316 225
964 -262 -129 296 305 357 317 223
996 -294 -141 296 304 356 315 223
10.02379035949707