949 -380 -70 319 362 348 304 228
968 -372 -94 320 361 348 301 223
1004 -407 -86 320 361 344 297 223
953 -329 -98 319 357 343 298 224
972 -380 -58 315 355 341 298 222
988 -360 -70 318 360 348 302 228
964 -317 -43 319 358 344 301 224
996 -337 -47 318 357 343 299 224
996 -333 -43 315 357 344 299 224
957 -349 -39 320 359 342 299 223
992 -380 -58 318 357 344 298 224
1000 -392 -54 316 357 342 299 223
968 -364 -66 316 359 344 300 225
984 -376 -82 316 358 344 300 225
992 -400 -78 316 358 345 299 226
949 -356 -90 318 359 346 301 226
988 -368 -78 317 358 344 301 225
972 -360 -62 318 361 347 301 223
988 -380 -35 318 362 347 299 224
1000 -431 -7 319 362 346 298 224
988 -356 -27 314 357 344 299 225
976 -372 -7 316 359 344 301 226
996 -384 -39 314 357 344 298 225
984 -392 -43 314 358 343 300 225
953 -372 -58 316 358 344 301 226
961 -353 -54 314 358 345 301 227
976 -349 -78 314 358 344 300 226
980 -341 -90 315 359 345 301 227
968 -290 -117 315 359 346 301 227
949 -313 -101 311 354 341 296 223
968 -368 -94 311 353 339 296 222
992 -380 -78 318 358 344 299 226
941 -396 -62 317 361 348 299 223
976 -392 -47 317 361 344 297 225
992 -415 -43 317 361 343 298 224
961 -404 -54 318 361 348 301 225
984 -419 -50 316 359 342 297 224
992 -380 -74 318 359 343 298 225
929 -317 -109 317 356 345 299 226
972 -356 -101 314 358 343 300 226
992 -368 -82 314 358 344 300 227
937 -309 -23 315 357 346 299 228
976 -286 15 314 359 346 301 229
1023 -309 7 315 358 346 301 229
976 -302 -39 311 355 340 297 224
957 -282 -90 316 357 343 296 222
968 -376 -3 314 355 343 298 226
964 -431 39 316 357 342 298 225
894 -415 23 319 360 344 298 225
957 -498 11 315 357 343 299 227
984 -564 -3 318 361 345 299 226
917 -494 -15 316 359 347 300 225
968 -419 -62 317 362 348 301 227
945 -404 -50 316 360 344 297 226
937 -372 -47 316 359 345 298 226
984 -451 3 315 358 345 302 233
980 -427 -27 315 358 345 302 232
953 -376 -58 313 358 344 301 230
972 -364 -58 318 360 349 302 232
988 -372 -66 316 360 347 303 233
976 -309 -74 317 359 342 297 231
980 -372 -47 313 354 341 297 231
972 -376 -58 311 354 343 299 231
980 -368 -70 312 353 342 298 232
972 -372 -50 312 356 343 300 233
976 -376 -47 312 355 342 299 232
980 -372 -50 314 353 343 299 232
984 -372 -58 314 355 344 300 233
964 -368 -43 315 357 346 301 232
1004 -376 -54 315 359 344 299 230
968 -353 -94 318 359 343 298 232
968 -364 -94 316 359 342 297 230
976 -353 -90 315 356 341 297 230
968 -325 -105 315 356 340 295 229
976 -337 -82 311 352 340 297 230
976 -345 -78 313 356 343 299 233
984 -349 -66 312 353 341 298 234
957 -353 -66 311 355 343 299 235
968 -321 -86 314 355 340 294 228
992 -400 -35 311 352 340 298 234
992 -404 -31 314 354 344 300 237
992 -372 -58 314 357 345 301 239
968 -333 -58 314 354 343 299 238
984 -341 -58 313 356 344 301 238
961 -329 -94 319 358 342 298 237
976 -333 -98 317 358 342 295 234
964 -333 -90 316 358 344 297 234
980 -360 -98 311 354 341 299 236
972 -364 -66 312 355 342 300 237
996 -333 -66 315 356 345 301 239
996 -329 -74 312 355 340 299 236
976 -333 -74 311 354 340 298 236
980 -321 -90 311 353 342 299 234
976 -317 -98 315 358 345 300 235
992 -325 -82 316 359 346 301 237
980 -309 -66 314 353 342 297 236
988 -321 -74 313 352 342 297 237
984 -302 -109 314 355 343 300 238
980 -298 -86 318 357 342 298 237
980 -317 -66 314 354 341 299 235
996 -337 -66 312 355 343 298 238
992 -329 -70 312 353 342 299 236
992 -356 -82 314 355 342 300 238
972 -349 -117 311 353 342 299 237
968 -341 -117 312 356 340 299 238
972 -325 -94 313 357 344 301 239
992 -353 -121 314 353 341 299 232
953 -321 -129 312 353 342 297 233
972 -329 -121 313 353 344 299 235
992 -337 -117 314 354 344 300 235
980 -337 -105 313 354 344 301 235
984 -329 -109 315 356 344 299 231
980 -337 -113 317 356 344 299 232
980 -325 -113 316 356 344 298 230
988 -325 -121 312 355 342 299 232
976 -329 -109 316 357 343 297 231
980 -321 -125 315 353 340 298 232
976 -317 -133 313 352 343 300 234
10.929619789123535