968 -368 164 278 299 302 298 308
988 -302 160 280 301 304 297 295
949 -282 180 277 298 300 296 297
984 -305 188 277 299 300 295 295
976 -313 188 279 298 300 295 294
976 -341 211 278 298 301 296 295
968 -321 200 277 300 301 296 297
953 -317 227 279 300 301 295 293
992 -337 235 278 299 302 296 296
953 -349 239 278 300 301 296 298
972 -356 247 277 299 300 296 295
980 -360 219 279 300 301 296 295
941 -360 223 276 298 299 294 295
972 -368 223 278 298 299 294 292
957 -376 223 278 298 299 295 294
945 -388 235 282 299 299 293 295
968 -384 243 277 297 298 293 294
968 -384 231 276 298 300 294 295
968 -329 200 282 299 300 294 294
961 -333 203 281 299 297 293 292
992 -345 219 279 297 301 296 296
961 -337 188 278 299 301 296 296
972 -349 223 279 301 301 297 296
964 -368 215 280 301 302 296 293
976 -376 207 280 300 302 296 293
976 -356 196 281 301 301 293 292
976 -356 192 281 301 302 293 291
953 -333 176 280 301 302 296 292
988 -321 184 275 296 298 294 292
972 -317 192 280 300 303 298 299
972 -333 196 283 301 300 292 292
957 -341 192 282 300 298 293 290
980 -356 200 279 297 299 293 292
976 -325 203 277 295 298 292 290
961 -305 200 276 296 298 294 291
996 -349 164 282 299 298 293 291
980 -278 113 284 300 299 294 291
984 -286 129 282 301 303 297 298
992 -298 152 277 297 299 292 292
980 -298 125 283 302 304 300 297
984 -341 86 279 299 300 294 294
984 -341 94 280 299 301 295 293
968 -325 101 281 299 301 296 293
949 -329 192 282 299 303 296 295
1012 -309 223 279 300 301 296 295
992 -294 243 283 301 303 294 291
992 -270 243 283 299 301 294 293
992 -262 251 282 298 297 291 291
1008 -258 262 280 297 298 293 292
992 -254 254 279 297 298 294 292
996 -282 243 282 300 301 296 292
972 -270 203 283 302 304 296 292
964 -262 180 282 299 303 297 296
1008 -290 219 279 298 300 294 293
988 -286 219 279 299 301 296 294
980 -302 219 281 301 303 299 298
972 -349 227 281 300 302 296 295
949 -333 231 281 301 302 294 291
964 -309 227 282 299 298 292 293
1012 -235 200 281 298 300 294 293
964 -235 200 279 298 300 293 293
992 -274 211 281 298 301 295 295
988 -282 196 279 300 300 295 293
972 -298 188 283 301 303 296 296
972 -317 192 278 298 300 295 293
1000 -282 180 283 301 303 296 293
996 -254 176 278 298 300 293 292
976 -227 141 281 298 301 294 293
984 -247 145 283 301 301 294 293
976 -266 145 280 300 300 294 295
964 -286 152 279 301 299 295 293
976 -278 152 279 301 301 296 295
976 -325 219 284 301 300 293 293
964 -356 239 281 299 299 290 290
980 -345 243 281 300 297 292 289
992 -356 258 284 303 302 294 291
980 -376 258 283 301 300 291 292
976 -368 231 282 300 297 292 292
961 -333 215 287 305 303 297 296
961 -329 219 282 299 299 293 292
968 -325 219 281 299 300 294 292
972 -309 227 280 299 300 294 293
972 -313 251 280 297 297 291 291
972 -321 254 280 299 297 291 288
996 -337 258 283 301 299 293 292
984 -321 251 280 299 299 294 293
976 -321 251 279 300 300 295 295
976 -321 231 278 300 300 294 294
976 -309 219 281 299 301 295 295
968 -309 211 281 299 301 295 295
984 -325 203 281 301 303 296 296
968 -333 207 280 300 301 294 295
968 -329 223 280 299 301 295 294
972 -333 219 280 299 301 295 294
976 -337 219 281 302 302 297 297
968 -333 227 281 300 302 296 295
988 -325 223 283 302 303 297 296
980 -317 235 276 298 299 294 292
976 -313 239 281 301 303 297 294
980 -321 223 283 303 305 297 294
964 -294 184 280 301 301 294 295
972 -290 164 280 301 302 296 296
984 -309 176 279 301 301 296 296
984 -321 188 282 302 303 296 297
953 -337 203 280 300 302 297 296
972 -321 215 280 301 302 296 295
968 -333 215 282 303 303 298 297
972 -356 227 283 303 301 293 292
980 -353 215 284 300 300 293 291
988 -356 200 279 297 297 291 289
10.882343053817749