-988 -86 247 302 307 299 291 325
-1000 -70 243 302 306 299 294 327
-980 -74 243 302 308 300 290 326
-964 -78 247 303 306 296 291 326
-949 -62 227 302 305 296 290 327
-929 -86 239 302 304 298 292 329
-957 -98 262 301 305 300 293 334
-949 -117 270 300 304 298 292 333
-968 -86 270 300 306 299 294 332
-898 -137 282 302 306 301 292 331
-921 -109 270 303 306 298 288 330
-890 -82 286 300 302 296 289 333
-870 -215 313 303 302 296 287 330
-921 -141 325 304 305 296 289 332
-933 -101 333 300 303 299 291 335
-913 -94 313 301 305 300 292 337
-941 -200 368 302 305 301 291 335
-988 -160 380 299 302 298 290 330
-913 -223 388 302 303 299 291 332
-890 -184 364 302 303 300 292 334
-890 -235 427 303 304 301 291 334
-890 -215 396 303 305 302 292 336
-898 -219 443 302 305 302 292 337
-835 -207 407 303 304 302 292 335
-811 -215 407 304 306 302 290 330
-866 -278 443 304 302 299 290 332
-882 -329 498 302 303 300 291 334
-839 -274 458 299 302 297 289 331
-792 -337 486 301 302 298 290 330
-808 -309 494 303 304 299 291 332
-843 -305 545 304 305 298 288 330
-815 -266 502 305 306 301 290 318
-839 -262 533 300 302 298 288 319
-800 -251 474 303 303 297 288 320
-859 -239 513 297 300 294 287 318
-890 -184 415 302 305 300 291 324
-890 -203 415 300 303 299 290 324
-878 -180 392 300 303 298 290 322
-882 -164 396 301 305 300 291 322
-902 -188 400 302 307 299 287 321
-898 -176 388 300 303 297 287 321
-929 -200 345 300 305 301 291 322
-925 -231 376 302 303 298 289 322
-894 -211 333 297 303 298 291 322
-886 -180 309 299 303 301 291 325
-953 -156 353 299 303 302 290 322
-910 -180 321 301 305 303 293 324
-906 -172 325 301 305 303 292 324
-941 -172 353 302 306 301 288 319
-921 -188 333 299 302 299 288 319
-898 -180 317 295 300 298 287 320
-925 -164 341 300 301 299 286 316
-906 -168 325 298 302 299 288 323
-886 -188 313 299 303 298 290 324
-961 -160 360 301 305 299 288 323
-945 -200 321 301 303 297 288 321
-902 -227 396 298 307 301 304 336
-921 -192 400 300 308 301 305 338
-902 -152 404 300 308 301 303 332
-894 -188 407 301 307 298 301 334
-886 -231 415 298 304 301 302 334
-890 -239 419 301 308 302 302 334
-882 -200 400 298 305 300 303 338
-910 -192 435 299 307 302 305 340
-772 -325 608 297 300 296 291 334
-729 -333 584 299 302 298 293 337
-745 -321 600 298 304 299 294 338
-757 -313 600 297 304 299 293 336
-757 -278 580 302 306 301 296 337
-753 -258 560 300 306 300 295 331
-776 -258 572 302 305 301 293 328
-819 -231 568 303 304 297 291 330
10.578761100769043