976 -396 117 321 300 311 341 360
1000 -419 121 319 301 310 342 359
953 -427 125 319 299 310 340 358
953 -411 109 319 301 311 344 360
1000 -411 125 321 302 311 346 361
980 -392 133 322 303 311 341 356
945 -368 109 322 303 310 341 355
984 -388 94 323 301 308 340 359
1008 -396 90 322 301 307 341 357
968 -349 70 323 301 308 339 359
957 -356 98 323 301 308 339 358
992 -376 66 323 301 309 341 359
972 -419 70 322 301 308 338 355
988 -443 82 321 301 312 342 357
941 -415 74 320 302 310 342 356
961 -392 109 321 301 306 339 357
972 -411 90 319 297 308 338 357
968 -443 133 323 301 308 339 354
968 -443 125 320 298 308 336 351
968 -458 117 318 298 304 336 354
961 -458 101 320 300 310 341 359
953 -474 113 320 299 307 339 356
976 -443 90 318 299 309 338 356
961 -451 90 322 304 312 345 358
925 -411 98 317 298 308 338 356
984 -435 94 317 301 308 342 355
957 -431 90 315 296 306 338 356
957 -423 101 319 302 309 342 357
964 -404 98 320 301 310 339 358
980 -407 98 320 302 310 343 359
988 -376 -23 322 300 311 343 356
980 -372 -3 315 294 307 337 351
913 -423 -86 320 302 312 343 353
972 -470 -35 318 300 310 341 351
984 -462 -54 314 298 308 339 349
968 -482 -47 314 295 307 338 351
992 -513 -27 318 298 306 338 351
921 -317 -117 317 296 306 338 352
937 -294 -54 316 298 308 341 353
992 -341 -39 317 297 308 339 351
1000 -349 -35 317 300 310 342 356
1000 -345 -31 318 300 311 340 351
980 -302 -58 316 299 309 340 355
984 -313 -58 315 299 307 340 351
980 -278 -70 312 298 308 334 349
1015 -294 -62 316 302 310 336 348
1019 -337 -74 313 299 306 337 349
961 -294 -90 315 299 309 338 353
1008 -356 -47 310 295 305 335 348
992 -305 -98 312 299 309 338 351
988 -329 -62 314 300 308 339 349
1019 -231 -50 316 299 305 337 349
1012 -262 -15 316 302 308 336 346
1000 -247 -47 316 300 306 335 348
1012 -282 -27 307 294 303 333 344
1004 -262 -39 313 299 307 337 349
992 -223 -62 312 299 306 336 347
996 -227 -54 315 301 311 342 352
992 -223 -66 314 301 308 340 352
992 -235 -62 314 299 308 338 350
1000 -309 -43 316 302 310 338 351
1004 -325 -27 313 298 307 335 349
1004 -325 -27 310 298 306 336 347
1004 -337 -23 309 294 304 333 346
10.35951566696167