984 105 -141 289 370 328 312 250
1004 78 -137 290 371 330 313 252
984 105 -172 289 369 329 312 250
984 78 -160 291 373 332 316 252
1004 66 -152 291 371 330 310 246
980 105 -141 291 372 328 309 247
992 58 -125 292 369 326 309 247
1000 62 -145 289 369 328 312 249
996 66 -137 289 370 329 312 250
984 78 -129 289 369 328 312 249
1031 66 -117 289 369 327 311 248
984 109 -133 292 367 328 311 248
957 121 -141 290 370 329 313 250
988 78 -133 289 371 329 313 249
1004 98 -152 292 371 331 313 250
968 105 -141 290 370 330 314 250
1004 78 -141 290 367 329 312 249
988 101 -149 290 369 329 313 248
1008 70 -129 289 367 329 311 247
1015 58 -113 289 368 328 312 247
996 94 -105 290 369 328 314 248
996 105 -168 291 372 334 317 250
996 90 -176 296 376 332 317 248
980 101 -176 292 374 335 316 246
980 133 -160 292 372 336 319 254
1008 137 -141 294 371 332 315 244
992 125 -117 288 371 334 318 249
996 82 -152 295 371 332 314 250
988 78 -141 293 373 336 317 249
1004 98 -133 292 371 334 318 251
1008 101 -105 293 373 336 319 255
992 105 -101 294 373 335 316 248
996 109 -98 295 372 333 314 249
1000 105 -117 293 373 335 318 251
996 101 -149 295 371 332 315 249
1000 101 -141 294 376 338 320 251
980 113 -160 290 368 333 315 251
961 109 -160 292 368 332 315 250
988 70 -149 290 370 332 316 252
976 121 -176 292 371 333 317 253
964 90 -149 289 370 333 316 252
984 58 -121 291 368 334 314 252
1004 133 -152 288 364 328 311 249
972 145 -156 285 366 329 312 250
992 90 -145 292 373 336 319 256
996 98 -168 290 369 333 314 254
1004 90 -192 291 368 332 315 251
961 129 -207 289 369 333 316 251
972 94 -168 289 369 334 315 253
976 113 -176 294 375 338 319 251
996 101 -176 287 369 332 316 249
980 129 -172 292 372 335 316 248
988 117 -164 293 374 333 313 248
996 98 -152 291 370 333 316 250
988 94 -121 291 369 332 316 250
1008 109 -121 291 370 330 313 249
1012 94 -133 288 370 334 316 251
1008 66 -149 291 371 334 318 251
988 54 -156 290 371 336 318 252
980 86 -188 289 369 334 315 250
976 98 -188 288 370 333 316 250
984 117 -192 292 370 335 317 252
976 133 -188 290 369 331 311 246
984 113 -164 291 371 336 319 253
996 129 -168 291 372 335 318 253
984 129 -160 288 369 333 315 250
988 98 -141 291 370 334 316 251
996 98 -176 291 368 333 315 250
984 105 -176 293 369 332 315 248
988 94 -160 290 369 332 315 249
980 94 -156 288 368 333 315 249
992 90 -176 289 368 329 312 243
988 94 -156 292 372 335 318 250
1000 94 -149 292 372 337 317 249
988 105 -145 293 370 333 316 249
988 98 -156 289 370 335 317 251
984 98 -152 289 370 332 316 250
996 101 -145 291 370 334 317 250
992 94 -137 291 369 334 317 251
1000 101 -149 290 370 334 318 252
996 101 -145 290 371 333 317 250
992 117 -164 293 371 332 315 249
984 117 -168 289 368 333 314 251
976 117 -164 289 368 333 314 251
988 98 -156 295 371 336 318 253
988 117 -152 293 373 334 314 248
992 113 -156 291 369 330 312 246
992 117 -149 290 368 329 312 247
10.119178533554077