651 -419 729 324 369 375 370 325
635 -384 729 319 364 371 367 326
631 -388 737 321 365 371 370 327
619 -400 749 319 364 369 368 326
651 -435 737 323 367 371 366 324
651 -419 713 323 365 369 367 324
647 -435 702 322 364 370 367 325
655 -427 717 323 365 371 368 326
635 -411 745 322 368 374 368 324
631 -400 745 323 368 371 366 325
627 -396 760 324 366 369 367 325
627 -392 764 320 365 371 369 328
635 -407 757 319 364 370 368 327
651 -400 710 318 364 368 366 325
639 -396 698 317 360 366 363 323
651 -431 725 319 365 370 367 327
651 -423 737 321 364 370 368 327
647 -415 733 320 366 372 368 328
615 -360 753 325 368 374 371 330
623 -407 780 324 366 371 369 328
627 -384 753 320 365 369 367 327
631 -404 733 321 365 371 368 328
615 -392 733 321 367 371 369 328
627 -384 741 318 361 364 363 321
611 -376 749 319 364 367 366 326
604 -388 760 320 365 370 368 328
615 -411 760 323 367 373 370 332
623 -411 753 323 368 372 369 327
623 -419 760 323 367 372 370 331
623 -407 757 322 366 371 369 330
619 -376 741 322 366 371 368 327
608 -368 749 324 369 372 367 326
611 -384 753 323 368 370 365 324
615 -380 749 323 366 368 365 326
615 -380 749 321 365 367 363 323
635 -400 749 323 367 368 363 325
631 -419 760 322 365 367 361 321
635 -411 749 320 363 365 360 321
631 -400 745 322 364 368 362 322
619 -400 753 323 366 370 365 328
557 -407 780 322 366 369 367 329
557 -404 788 321 364 367 364 327
557 -404 776 320 363 367 362 326
549 -396 776 320 364 369 365 328
545 -396 804 321 363 367 364 327
553 -380 804 319 361 366 363 326
549 -384 796 323 366 370 366 326
557 -384 808 319 364 366 364 326
568 -400 788 322 363 368 365 328
560 -400 772 322 366 369 366 329
557 -419 776 323 365 369 366 327
553 -404 788 321 363 367 365 327
560 -400 815 322 366 369 366 329
549 -384 808 321 365 368 365 329
557 -376 811 319 363 367 364 326
564 -356 796 318 362 364 363 325
576 -376 792 322 366 369 368 331
584 -372 776 320 364 368 365 327
588 -404 772 322 365 369 366 326
592 -419 788 324 366 370 365 325
596 -431 800 323 366 369 364 323
584 -396 784 325 364 365 363 326
588 -364 772 323 366 370 367 328
600 -400 796 321 363 367 365 328
600 -364 753 320 364 365 364 327
608 -380 745 318 359 360 360 321
615 -392 741 322 366 369 365 325
623 -392 741 322 366 369 365 325
619 -392 749 323 367 368 362 324
619 -388 760 323 363 364 362 324
611 -372 768 321 361 365 362 325
608 -356 788 319 362 365 363 325
623 -364 788 318 361 366 363 325
611 -353 749 318 358 360 357 317
623 -376 745 322 363 365 360 321
635 -388 737 319 362 362 358 321
631 -376 737 320 364 365 364 326
635 -360 745 322 363 366 364 327
623 -356 760 321 365 369 366 327
619 -349 760 323 367 371 368 327
615 -356 768 323 366 366 361 323
619 -333 753 323 364 364 362 323
623 -356 760 321 362 365 364 325
635 -388 757 319 364 365 364 327
635 -364 753 321 364 367 364 327
627 -368 753 322 365 368 366 329
627 -356 757 320 364 367 365 327
627 -349 760 320 364 367 365 327
623 -353 768 318 362 363 362 325
627 -353 753 324 364 363 361 321
627 -349 745 319 361 365 363 324
631 -364 753 319 363 365 363 326
631 -360 745 321 364 367 365 327
631 -356 741 322 364 368 365 328
639 -356 745 321 364 366 364 326
635 -353 753 322 365 368 366 328
635 -356 757 323 366 368 366 329
639 -353 749 323 367 367 362 325
639 -356 745 324 365 364 361 325
627 -345 745 322 362 365 363 324
639 -360 760 323 367 370 364 324
631 -353 753 320 364 365 363 326
627 -353 760 320 363 366 364 327
635 -360 753 322 366 368 364 324
639 -353 749 323 367 366 362 324
631 -353 745 324 364 365 363 324
639 -349 753 322 362 366 363 326
619 -333 749 320 364 368 365 327
631 -356 768 318 363 364 362 325
639 -333 753 319 361 362 357 321
627 -356 760 319 362 366 362 325
643 -356 757 320 364 365 363 326
647 -360 745 321 364 367 365 328
643 -360 757 322 365 368 365 324
639 -345 745 323 367 367 361 323
627 -364 749 322 362 365 363 324
631 -360 753 320 365 365 363 326
631 -356 753 320 364 366 364 327
639 -353 753 324 366 365 361 324
635 -356 745 322 366 369 364 324
627 -360 753 322 366 368 364 322
619 -364 760 322 366 367 363 323
619 -368 764 323 366 365 361 324
627 -372 757 322 366 369 368 328
623 -364 753 324 368 370 366 326
623 -364 753 321 365 368 365 324
619 -372 760 321 365 367 366 329
619 -356 764 321 366 368 365 324
615 -360 764 321 365 368 364 324
627 -364 764 322 366 368 365 324
627 -364 757 323 367 366 361 324
615 -372 753 322 363 364 363 323
623 -372 745 322 365 367 365 328
623 -360 737 319 364 363 363 326
623 -360 753 321 365 367 365 328
627 -345 753 320 364 366 364 327
615 -345 764 319 363 365 364 326
611 -345 757 320 364 366 364 328
608 -353 768 321 365 367 366 326
608 -364 780 320 364 364 363 326
615 -368 776 320 364 366 365 328
615 -368 768 322 366 366 362 322
615 -360 768 323 364 363 362 323
623 -353 757 320 361 364 362 325
627 -372 764 323 364 363 360 324
10.023091554641724