1027 -3 180 336 405 428 413 339
1015 -27 164 337 408 428 411 334
1015 -23 152 337 408 427 410 336
1019 -7 141 337 406 425 410 333
1004 7 141 336 408 427 410 336
1015 -3 164 337 407 426 410 335
1043 11 149 336 406 429 412 336
1008 11 160 333 405 427 413 340
1012 0 152 337 406 430 417 343
1004 -3 125 335 404 426 412 339
1027 -23 129 336 406 428 414 341
1000 -23 141 331 401 422 408 336
1004 -27 200 334 404 425 411 338
1031 -11 200 333 402 425 409 336
1015 7 145 334 404 424 410 337
1004 11 90 339 403 420 405 334
1008 19 90 334 402 422 407 336
1015 15 86 337 405 423 405 332
1008 27 78 337 404 425 406 332
1015 27 105 336 403 423 409 339
1012 31 98 333 397 415 402 330
1023 15 98 338 405 422 404 330
1015 19 82 337 404 424 406 332
1012 7 86 336 403 424 409 335
1008 11 105 336 402 423 408 337
1015 11 109 334 402 421 406 335
1008 23 98 335 402 420 406 335
1015 7 101 338 405 426 412 339
1012 27 101 337 404 425 411 340
1019 11 117 337 403 424 407 334
1015 15 117 336 402 423 407 337
1012 23 94 331 398 417 403 333
1008 15 90 336 401 421 406 335
1012 35 90 333 399 420 406 334
1015 23 98 339 402 419 405 334
1015 27 98 338 403 420 403 332
1012 23 94 337 403 423 407 335
1019 19 90 336 402 422 408 337
1015 15 105 336 398 418 403 333
1008 19 86 340 404 420 405 334
1008 19 105 339 405 424 409 335
1012 15 90 330 394 411 397 324
1015 23 94 332 397 418 404 333
1015 11 98 336 401 419 404 334
1008 19 94 334 400 419 405 334
1019 11 101 337 399 418 403 333
1023 11 90 335 398 418 403 334
1008 19 94 338 400 417 403 332
1008 11 98 338 403 420 403 332
1019 19 98 336 402 422 406 336
1012 15 94 336 400 421 406 335
1015 15 101 335 398 417 403 333
1004 27 86 338 401 421 404 334
1027 7 90 337 402 421 406 335
1019 15 90 336 400 420 405 335
1008 31 94 334 400 420 404 334
1012 7 113 337 398 418 403 333
1012 23 98 333 399 419 403 330
1015 19 94 339 402 418 403 333
1015 15 94 338 403 423 404 332
1008 15 90 337 403 424 410 339
1015 19 94 335 401 421 406 335
1008 19 105 337 402 422 407 336
1012 27 82 335 401 421 406 336
1015 27 98 334 400 420 404 333
1008 19 98 338 401 419 404 332
1012 11 86 333 398 419 403 331
1015 23 90 338 401 421 405 334
1008 27 101 338 404 420 402 331
1015 19 98 337 402 421 403 331
1015 23 90 334 400 418 404 334
1004 31 94 334 399 420 403 333
1012 23 101 334 400 418 403 333
1008 31 86 334 398 418 403 331
1015 27 94 338 404 420 401 331
1012 15 90 334 399 418 402 329
1008 27 86 337 400 420 405 334
1008 23 94 335 399 419 403 333
1008 19 86 337 399 417 403 331
1008 27 86 340 403 420 403 332
1027 15 86 336 401 421 406 338
1023 39 94 336 399 419 404 334
1015 35 98 335 400 418 403 333
1012 19 105 335 397 416 401 332
1008 31 94 337 398 417 403 332
1015 23 78 331 394 414 399 331
1012 23 86 334 399 419 402 333
1012 23 86 335 401 418 403 334
1012 19 90 338 403 419 400 331
1012 27 78 337 401 421 406 333
1015 11 78 338 401 421 406 336
1015 31 39 338 402 418 399 331
1012 31 43 337 399 419 402 333
1000 31 47 336 398 417 399 331
1019 23 58 336 399 419 403 334
1019 19 58 336 398 416 402 330
1019 19 66 339 400 416 401 332
1015 27 54 337 402 420 401 330
1012 19 62 336 397 416 400 332
1019 19 47 341 404 420 401 333
1012 19 43 334 399 417 402 333
1008 27 66 338 401 421 402 331
1019 23 74 336 401 420 404 332
1023 19 70 336 401 419 404 333
1008 23 66 335 400 419 403 334
1015 11 62 334 398 418 400 332
1008 19 50 336 397 415 400 332
1027 19 66 338 399 416 399 331
1008 19 74 338 401 420 405 333
1015 27 58 336 399 418 402 333
1012 15 62 342 404 419 403 334
1023 11 82 336 398 418 402 333
1019 15 70 335 399 417 401 331
10.005815744400024