961 3 360 322 378 300 311 304
961 0 360 317 374 298 311 307
968 0 341 320 377 300 314 308
957 11 356 319 374 299 310 304
961 0 376 319 373 300 313 309
957 0 337 319 372 296 308 304
980 0 333 317 370 298 311 307
957 19 337 318 370 294 308 304
964 27 356 320 374 302 316 312
964 23 404 317 371 299 312 307
957 3 404 316 371 299 311 308
972 -7 384 316 368 296 309 305
957 -7 345 319 372 297 309 304
961 -3 341 317 371 299 312 306
957 15 368 319 371 299 313 309
976 3 329 314 368 295 307 300
968 -3 341 316 370 297 311 307
972 0 353 315 369 296 310 305
968 7 360 318 371 299 312 307
964 7 341 317 370 298 311 307
957 3 349 315 368 296 310 305
964 3 353 319 372 297 309 304
964 3 364 317 369 298 311 307
945 19 345 315 369 297 310 306
968 3 364 314 367 296 309 306
968 -7 356 319 370 296 310 306
957 7 356 320 372 298 309 306
957 0 384 316 370 298 312 308
968 -3 368 318 369 298 311 308
968 -3 356 315 369 296 310 306
953 0 364 318 372 296 308 303
953 -3 360 317 369 297 311 308
976 3 313 314 367 296 309 306
957 15 360 315 369 296 310 307
945 0 376 317 369 297 311 307
961 0 388 315 366 296 309 306
961 7 345 320 370 296 310 307
964 0 364 318 371 299 313 311
964 0 380 317 368 297 311 308
957 19 360 316 369 297 310 307
953 19 356 319 371 297 306 304
976 3 372 319 372 298 309 303
968 15 349 317 368 297 311 308
968 0 349 315 369 296 311 307
953 11 356 320 370 296 307 305
976 3 368 319 372 298 309 303
961 3 345 317 370 299 312 309
957 3 345 319 371 297 309 306
972 3 372 320 373 299 311 305
957 7 349 320 370 297 310 308
968 3 360 318 371 299 310 304
968 7 356 317 370 299 312 308
964 7 360 317 368 298 311 308
961 7 356 316 367 295 309 306
964 3 360 319 372 298 309 306
972 0 360 317 370 298 312 310
972 3 349 316 368 297 311 308
957 0 356 316 366 295 309 306
961 0 360 320 370 296 308 306
957 0 349 317 370 299 313 307
968 0 345 315 369 295 310 307
972 3 345 319 370 296 306 304
957 0 353 317 370 298 312 307
953 -3 353 316 367 298 311 307
972 3 349 315 368 294 306 300
972 0 345 317 369 297 310 306
968 -3 337 318 372 298 309 305
957 3 333 318 370 299 310 305
968 -3 356 316 369 298 310 308
964 11 329 317 368 297 309 308
1000 -27 254 317 366 299 306 301
980 -3 251 317 366 299 305 300
1004 -23 270 315 364 297 303 301
992 -7 270 317 365 299 305 303
1000 -11 266 315 363 298 303 302
992 -11 247 318 366 300 307 306
992 -3 247 317 364 299 304 303
1004 -23 262 316 362 297 303 301
972 -19 262 311 358 293 299 297
992 -7 239 315 362 297 302 300
1004 -23 258 317 364 299 304 301
988 -11 251 317 364 299 302 300
1000 -3 254 317 364 299 304 299
1004 -15 262 317 364 299 303 300
992 7 290 319 369 300 302 299
988 -3 286 315 361 296 301 300
1000 -11 262 314 362 297 300 299
1000 -35 262 315 363 297 301 300
996 -19 258 316 364 298 303 302
984 -19 258 314 361 297 299 299
1004 0 254 318 362 295 299 297
988 0 247 317 364 298 302 300
996 0 235 316 362 298 302 301
1000 -15 262 318 361 294 298 299
996 -19 266 315 359 295 299 299
992 -31 274 318 364 297 298 297
1004 -39 286 320 366 299 301 298
996 -15 262 319 363 297 299 299
984 -19 270 318 365 298 299 296
996 -27 266 318 364 299 302 300
1000 0 266 317 361 297 301 301
976 -23 298 314 359 293 294 296
988 -39 313 314 359 296 299 298
996 -47 290 314 361 296 299 298
992 -31 262 317 361 297 300 299
980 -58 305 318 361 295 298 299
988 -31 274 319 363 296 298 298
1000 -31 258 319 366 302 306 303
996 -31 290 318 365 300 302 301
992 -23 270 318 364 297 298 298
1000 -31 258 318 364 296 298 298
980 -11 278 318 361 295 296 296
996 -15 305 315 361 295 297 295
1004 -7 274 315 360 296 298 296
992 0 254 319 363 296 297 298
984 -27 262 316 362 298 302 301
1004 -23 262 315 361 297 300 300
1000 -11 247 319 362 295 299 299
988 -7 254 314 360 295 299 300
988 -23 266 316 361 298 300 301
992 -27 266 317 363 299 303 304
996 -39 266 316 361 298 301 303
1008 -35 251 317 360 297 301 301
988 -27 262 318 363 299 303 304
984 -19 270 319 359 296 300 300
988 -19 282 319 362 299 301 301
992 -27 270 318 361 298 301 301
992 -27 290 317 360 297 301 303
980 -23 305 320 362 298 301 301
980 -35 313 317 356 296 302 302
992 -50 305 322 356 295 300 301
964 -54 302 321 359 298 301 300
945 -50 345 320 357 298 304 304
972 -35 360 320 357 298 303 306
976 0 360 319 356 295 303 303
988 0 345 320 353 295 301 301
992 3 325 321 357 299 302 301
1000 -7 329 320 355 298 304 305
976 -35 290 318 350 292 299 298
972 -62 313 324 357 298 302 303
957 -39 317 323 356 298 301 300
961 -27 353 323 355 298 301 300
972 -3 353 322 353 299 304 305
988 3 345 322 353 298 304 305
10.876139402389526