972 -141 341 328 380 314 304 290
964 -133 341 329 380 315 304 291
964 -137 337 333 382 314 304 292
968 -129 341 331 383 317 305 288
968 -133 345 332 383 314 303 290
961 -137 353 332 384 318 306 293
972 -141 349 332 381 313 304 290
972 -137 341 333 381 313 305 290
968 -152 353 330 382 316 307 294
972 -141 337 331 383 315 304 289
972 -145 353 331 383 315 304 287
968 -137 337 331 383 314 303 288
968 -141 333 330 380 312 303 288
968 -152 345 326 376 311 302 287
961 -149 360 331 383 314 303 288
972 -149 349 326 377 313 304 289
964 -141 325 328 380 313 305 291
964 -145 337 333 383 314 304 290
976 -152 356 328 381 315 306 292
968 -149 337 327 378 314 304 290
968 -164 353 325 375 309 302 286
968 -152 353 325 374 310 301 286
968 -137 353 331 382 317 309 293
968 -152 349 327 378 314 304 290
968 -141 333 326 379 314 304 289
964 -149 353 332 381 313 303 290
964 -133 337 330 381 313 303 289
961 -145 364 328 378 312 301 286
976 -149 368 327 376 309 301 287
964 -141 353 332 381 312 305 290
968 -137 353 331 380 315 307 292
961 -133 345 330 382 315 307 293
976 -149 353 329 377 313 304 290
968 -133 353 328 379 314 304 291
964 -133 353 327 378 313 304 290
961 -141 364 329 380 314 306 292
961 -141 353 327 381 315 307 293
968 -145 345 329 379 314 306 292
964 -141 360 328 377 309 301 287
964 -149 364 327 376 310 299 286
961 -145 337 332 381 313 303 290
972 -149 356 332 382 318 307 290
961 -149 341 332 382 316 308 296
964 -164 376 329 377 310 300 288
957 -152 376 326 373 308 301 288
968 -152 372 330 379 314 306 293
961 -137 368 328 377 313 303 291
961 -152 360 331 381 316 306 289
961 -184 368 332 378 312 305 290
964 -164 364 332 378 313 305 290
968 -160 356 329 378 312 304 289
964 -156 364 325 374 311 304 289
957 -145 356 326 372 308 301 286
961 -141 353 327 373 309 302 288
964 -145 345 330 379 314 305 292
957 -145 364 331 379 314 307 292
968 -164 380 331 379 315 307 293
961 -149 372 332 381 315 306 290
961 -145 368 333 381 313 303 290
957 -156 353 334 380 313 306 290
964 -156 356 332 379 311 303 289
961 -149 364 330 376 312 303 290
964 -160 376 328 374 309 300 284
961 -145 360 329 374 310 303 289
953 -145 364 330 375 309 301 288
964 -160 384 334 380 312 304 289
968 -164 360 333 378 311 304 290
961 -164 349 329 378 312 305 292
953 -168 356 330 376 313 304 290
949 -172 388 330 378 312 305 292
961 -176 384 332 379 315 307 295
957 -160 376 334 379 312 302 289
949 -156 384 333 380 314 304 289
957 -152 372 334 379 312 303 289
964 -149 372 330 376 313 304 292
961 -152 376 332 378 314 306 293
949 -156 384 332 379 314 307 292
957 -156 380 331 379 314 306 293
949 -156 376 332 380 315 307 294
953 -156 372 328 372 308 299 283
957 -156 384 332 376 312 303 291
957 -160 380 334 381 313 303 290
957 -152 368 333 378 311 303 291
957 -160 372 329 375 312 305 290
961 -156 376 331 374 311 304 291
957 -152 380 333 376 311 304 291
10.007235765457153