411 -243 910 303 302 303 302 302
411 -239 917 301 300 301 301 300
407 -227 921 299 298 301 298 297
396 -223 921 302 301 299 299 298
380 -239 949 302 301 297 298 298
376 -235 929 300 301 301 303 302
376 -243 929 299 301 301 302 303
384 -251 937 302 303 301 301 300
392 -247 929 302 302 301 300 298
392 -243 910 302 300 297 299 299
388 -247 921 299 296 298 299 299
388 -254 929 298 298 298 298 300
400 -251 925 300 300 301 301 301
392 -247 929 300 297 297 300 300
368 -231 961 300 299 300 300 301
368 -215 953 302 302 303 306 304
400 -211 937 301 301 302 302 303
388 -231 953 304 303 300 300 300
392 -223 941 302 302 299 298 298
380 -227 933 302 303 303 303 302
388 -223 906 300 298 300 301 302
400 -227 902 299 301 301 301 302
407 -223 902 301 302 302 301 300
423 -203 913 302 303 299 299 298
407 -168 949 303 300 298 300 299
356 -203 992 301 300 301 301 303
313 -251 1015 299 300 299 300 302
356 -247 917 301 301 302 302 300
439 -223 874 303 304 306 307 305
407 -200 913 299 302 301 302 304
396 -200 945 299 300 300 301 302
388 -200 961 301 301 301 302 301
400 -219 925 302 304 304 302 301
396 -219 929 300 300 298 300 299
396 -235 945 299 297 298 294 297
392 -231 929 299 297 296 294 297
404 -235 925 298 300 299 300 301
400 -231 921 302 303 303 303 302
384 -247 921 299 302 301 303 302
384 -254 925 295 298 298 299 299
392 -254 929 299 301 299 301 301
396 -247 933 298 297 300 300 300
396 -231 933 299 301 299 300 302
400 -223 945 299 301 301 302 302
376 -211 953 304 303 301 300 300
376 -196 921 300 300 301 301 303
384 -211 913 301 301 304 301 301
419 -203 898 302 303 301 299 300
411 -203 906 300 297 297 298 298
404 -215 933 299 299 298 300 299
407 -223 941 301 299 300 300 302
384 -215 941 299 297 296 298 300
388 -211 941 298 300 297 296 295
400 -215 925 300 301 302 303 299
392 -192 933 301 301 302 302 302
392 -192 921 300 300 301 302 303
407 -188 913 301 302 301 301 301
404 -180 910 301 302 302 301 298
380 -176 937 301 301 301 300 297
384 -188 953 303 301 299 299 299
400 -180 961 302 303 301 299 299
400 -184 953 300 301 298 300 298
396 -180 949 298 300 299 301 301
388 -203 945 300 300 302 301 302
404 -200 933 299 297 300 299 301
396 -180 921 298 301 299 299 300
396 -192 910 300 300 301 301 302
407 -172 906 298 300 301 301 302
404 -160 913 299 302 302 303 300
392 -180 961 301 302 301 300 296
372 -184 968 303 303 301 299 297
368 -207 964 302 301 298 298 298
404 -200 937 299 298 297 300 298
392 -200 913 299 302 301 302 301
396 -203 929 295 296 297 298 298
10.614709377288818