-929 160 231 313 280 347 384 331
-925 109 254 316 284 351 388 337
-929 152 239 312 281 347 384 330
-929 105 254 317 284 347 382 329
-921 101 266 315 282 345 382 330
-929 129 258 310 279 328 375 320
-929 121 258 315 287 333 381 327
-913 113 243 316 287 336 383 329
-910 109 247 316 287 335 383 328
-906 125 247 314 286 333 381 327
-906 121 251 316 288 336 383 330
-917 125 247 315 286 333 381 327
-929 129 251 315 287 335 382 328
-937 141 251 316 288 336 382 325
-945 117 262 320 292 338 382 325
-941 117 266 315 288 333 378 321
-929 121 254 315 289 332 381 326
-929 113 251 318 293 335 381 324
-933 94 258 318 294 331 378 321
-925 78 262 317 292 330 378 322
-929 90 258 316 291 329 380 326
-945 105 247 316 291 329 380 326
-937 90 247 317 292 328 380 326
-937 58 274 316 292 328 379 325
-953 82 258 317 295 329 381 328
-925 94 251 318 294 326 377 322
-929 98 247 317 295 327 380 324
-937 82 254 317 295 326 379 323
-917 70 262 315 314 312 370 320
-929 74 254 313 312 310 368 317
-925 90 254 314 312 310 369 317
-941 70 278 312 308 305 364 312
-921 66 266 314 311 310 369 317
-917 78 251 314 312 309 369 317
-921 74 258 312 311 308 367 315
-929 58 266 314 308 306 367 314
-933 78 262 314 308 307 367 314
-937 94 258 318 313 309 367 314
-937 74 258 317 314 311 373 318
-941 90 254 316 312 309 369 314
-937 74 262 314 310 308 369 313
-937 74 258 313 309 306 368 311
-929 70 254 312 306 303 365 307
-937 82 251 312 310 306 367 311
-941 74 258 314 311 305 368 310
-937 74 258 315 311 306 369 309
-941 94 247 313 311 306 368 308
-941 105 243 313 309 305 368 306
-933 98 254 316 312 308 372 309
-933 94 251 317 314 309 372 310
-917 98 239 314 311 305 369 306
-921 82 254 314 309 304 368 305
-929 82 254 318 311 304 368 302
-925 101 251 317 310 303 368 302
-925 78 254 317 312 306 367 302
-929 90 251 316 312 308 371 302
-929 101 247 317 312 305 368 301
-937 101 247 316 310 307 372 305
-941 90 251 315 310 304 370 304
-941 62 258 314 310 305 370 303
-937 86 251 318 313 309 372 302
-933 66 254 317 313 305 369 299
-945 82 251 316 311 308 371 302
-937 90 254 315 310 307 372 303
-929 90 258 315 310 306 372 303
-933 66 247 314 307 305 370 304
-925 86 247 314 309 304 370 303
-925 98 239 314 305 300 366 299
-929 82 254 314 306 302 368 301
-941 74 266 314 306 303 368 300
-933 101 247 317 309 305 369 302
-933 74 262 322 311 307 372 305
-933 82 258 319 307 304 370 301
-925 82 258 316 308 306 369 297
-921 86 247 313 306 305 371 302
-933 94 251 310 299 302 365 297
-933 58 258 314 302 303 369 299
-937 90 235 316 304 302 367 297
-925 66 239 316 307 305 369 295
-933 35 270 317 307 309 377 302
-984 66 180 314 301 302 369 297
-988 94 172 318 306 304 368 295
-992 58 184 317 306 305 369 295
-988 47 192 317 306 306 373 297
-976 90 156 317 306 306 373 300
-961 54 160 314 303 303 370 298
-961 70 141 314 300 298 366 293
-953 70 152 315 302 300 366 293
-957 58 168 316 302 303 368 297
-945 58 156 319 304 302 368 295
-961 70 145 319 304 303 367 295
-949 58 145 318 304 302 368 294
-949 62 133 318 306 306 371 295
-957 43 141 318 306 304 368 295
-964 39 137 317 307 306 370 295
-972 58 105 319 308 305 370 294
-968 35 152 318 308 306 370 296
-968 82 133 316 305 304 371 299
-976 66 149 315 306 305 371 299
-964 43 152 312 302 301 368 295
-968 50 137 315 303 302 369 297
-961 43 141 316 306 305 372 300
-953 15 137 316 305 304 371 298
-945 31 129 315 305 303 371 298
-941 54 113 317 306 304 371 299
-945 54 113 316 306 304 371 299
-949 35 125 318 308 304 368 296
-964 47 121 318 310 307 372 296
-964 35 129 318 309 306 371 296
-972 35 137 316 308 305 372 300
-972 43 125 317 310 306 374 300
-953 58 176 319 309 303 369 294
-957 43 180 315 305 304 370 297
-961 50 172 316 308 306 371 301
-949 66 156 315 305 302 367 296
-961 47 168 319 309 304 367 295
-972 58 168 317 309 306 370 296
-984 54 180 317 309 306 370 297
-968 43 168 316 307 304 371 299
-945 31 160 317 309 306 373 302
-937 35 160 316 309 306 371 301
-933 39 168 312 302 299 366 293
-929 47 168 313 305 303 369 297
-945 58 168 316 305 302 369 297
-961 74 168 319 309 303 368 297
-964 66 180 317 307 302 367 296
-976 70 188 318 310 305 368 294
-972 82 184 318 310 305 369 295
-976 58 200 316 308 306 372 300
-949 43 188 318 309 307 372 302
-953 50 203 317 307 306 371 300
-953 101 192 315 305 303 369 299
-945 43 211 318 307 306 372 302
-953 43 203 315 303 303 369 299
-945 86 172 315 305 303 368 300
-941 105 160 315 304 302 367 298
-945 78 176 311 302 300 365 297
-961 98 164 316 305 304 369 300
-957 90 160 313 302 299 365 295
-957 70 172 320 307 303 369 299
-953 78 164 315 305 302 368 298
-949 98 149 315 305 303 368 298
10.020231008529663