941 -337 360 324 377 364 372 330
925 -317 341 320 375 362 370 329
941 -317 345 319 373 359 367 327
941 -317 349 319 372 357 362 323
933 -309 333 320 372 361 367 327
957 -325 349 321 374 361 369 328
949 -317 345 320 374 362 370 329
933 -305 349 322 375 363 370 327
933 -309 349 323 376 363 368 324
953 -325 345 323 377 362 368 324
933 -305 345 324 374 359 368 326
933 -298 337 320 372 361 368 326
945 -317 341 321 373 360 369 327
953 -294 333 320 374 360 369 326
941 -294 337 322 375 364 372 329
941 -302 345 322 375 362 371 328
941 -290 345 321 371 357 363 320
949 -294 329 321 372 361 370 327
941 -282 333 320 373 361 369 327
961 -290 349 319 373 360 368 326
957 -290 345 321 371 359 367 325
945 -286 337 322 375 362 372 330
945 -286 341 322 375 363 370 326
957 -282 341 323 375 361 368 323
957 -286 337 323 375 361 369 324
953 -274 337 324 374 359 367 325
945 -266 345 321 371 358 366 326
961 -270 325 321 371 359 367 327
945 -270 333 319 371 358 368 325
953 -294 345 321 371 360 368 327
957 -286 349 320 373 359 368 327
953 -278 341 320 373 359 368 327
957 -278 345 322 371 360 367 327
941 -278 349 320 372 360 367 327
949 -294 364 319 371 359 367 326
929 -317 329 322 371 360 367 330
933 -321 337 321 373 361 369 331
957 -313 325 322 372 359 367 330
961 -278 321 321 373 361 368 332
953 -254 333 323 374 362 368 328
972 -254 337 324 376 362 366 329
945 -251 368 325 376 360 365 330
957 -258 380 322 374 359 363 325
949 -251 376 324 375 360 364 328
937 -251 376 323 372 358 363 328
941 -262 384 323 371 360 365 328
941 -254 368 320 371 361 365 330
964 -231 349 324 370 357 364 330
949 -215 345 326 373 358 364 330
961 -231 360 323 370 359 365 330
961 -231 353 326 373 358 365 329
964 -235 349 323 374 362 369 335
964 -235 349 324 375 364 370 333
996 -196 243 324 373 362 366 329
1008 -200 235 325 373 362 365 329
1004 -203 231 321 369 357 363 330
992 -203 235 321 371 359 365 329
996 -200 227 325 372 357 363 329
992 -188 215 324 373 361 368 333
1000 -180 200 323 374 361 367 330
996 -184 200 325 372 358 363 330
1000 -184 200 324 371 358 365 332
1004 -184 196 328 374 359 365 331
996 -188 211 322 371 359 366 332
1000 -184 200 320 368 358 364 330
1004 -184 207 322 371 359 366 332
996 -180 200 324 373 361 366 330
1004 -196 207 324 374 359 363 329
1000 -192 203 326 372 357 363 331
1000 -192 200 322 371 359 365 332
1004 -188 192 322 370 359 365 332
1023 -172 219 321 369 357 364 331
1012 -184 223 321 371 357 365 331
1004 -176 211 320 369 357 364 330
1000 -133 211 323 372 360 366 332
1000 -137 219 321 371 357 365 332
1000 -141 227 322 370 358 366 332
1004 -137 215 323 372 360 369 337
1008 -149 219 323 373 361 368 333
1000 -156 215 319 367 355 363 330
1004 -152 219 322 369 356 363 330
996 -156 215 321 371 356 365 331
1000 -141 211 320 369 357 364 331
1000 -160 227 320 371 358 366 333
1000 -176 223 325 374 361 366 330
1004 -188 215 323 372 359 367 331
1000 -184 219 324 374 358 363 329
1004 -188 215 322 369 356 363 329
992 -164 207 324 371 356 363 326
1004 -168 203 317 366 354 362 328
1000 -152 207 323 372 359 367 331
1000 -172 251 323 372 360 367 333
996 -180 251 322 371 358 366 332
988 -176 247 320 371 358 365 332
1000 -192 239 322 372 359 366 333
996 -188 235 323 372 359 366 330
1004 -188 235 325 374 358 363 330
992 -176 223 320 371 358 366 332
1004 -180 231 323 371 358 366 332
996 -184 219 321 370 356 364 330
992 -188 239 324 371 355 363 326
10.607041835784912