1008 -156 211 332 283 296 286 347
1031 -164 211 332 282 293 282 342
1012 -125 58 334 282 297 288 347
1015 -141 58 333 283 294 287 346
1000 -129 39 335 284 297 289 348
1027 -152 98 335 282 294 285 344
1008 -160 121 336 284 295 286 341
1019 -164 137 328 278 290 281 338
992 -156 141 333 283 295 288 345
980 -176 125 331 281 295 287 345
992 -211 133 333 282 296 288 347
988 -223 149 334 282 296 288 347
1031 -219 133 333 284 296 288 347
1015 -200 101 333 284 297 289 348
1008 -176 74 334 285 297 290 350
1019 -156 62 332 283 297 288 347
1035 -152 74 334 284 297 289 346
1015 -145 94 335 286 300 292 352
1027 -156 58 336 286 299 290 349
1043 -203 50 336 285 295 288 345
1015 -180 50 335 285 298 291 350
1012 -176 47 334 285 298 286 341
1012 -172 74 335 286 299 289 344
1004 -172 70 331 282 295 287 344
992 -164 66 333 283 296 288 347
1004 -180 66 334 283 296 288 347
1012 -192 47 334 282 296 287 346
1027 -200 43 331 282 292 283 339
1019 -188 78 336 287 298 288 343
1023 -172 90 335 286 296 286 343
1027 -168 74 336 284 295 286 345
1012 -156 58 336 284 295 287 345
1008 -172 74 333 281 295 286 345
1008 -192 82 331 283 296 288 345
1019 -211 94 333 283 297 289 347
1015 -219 117 332 284 296 289 347
1019 -200 105 332 280 291 283 341
1000 -180 129 335 286 299 290 346
1008 -188 117 336 285 296 289 345
1012 -180 109 331 283 295 288 345
1015 -176 101 333 285 298 290 346
1008 -172 105 336 287 299 289 345
1004 -160 125 335 285 296 286 345
1015 -164 137 332 282 293 283 341
1004 -133 117 331 282 294 284 340
1004 -125 105 336 286 295 285 344
1008 -145 117 334 283 296 287 346
1015 -160 109 333 283 296 289 347
1023 -172 113 333 283 295 286 345
1027 -184 125 334 284 298 290 348
1043 -184 121 332 283 296 286 345
1015 -168 117 331 281 295 287 345
1019 -172 105 332 284 296 289 345
1012 -164 86 335 285 295 286 345
984 -145 70 334 283 295 288 345
1000 -156 82 334 283 295 286 344
1000 -160 90 330 282 296 287 345
1008 -156 94 330 282 296 288 345
1019 -176 113 331 283 297 288 346
1035 -184 113 333 285 297 289 348
1047 -188 109 333 285 298 290 346
1015 -156 86 334 286 299 293 348
1019 -152 94 334 286 299 288 343
1015 -160 105 334 286 297 287 343
1008 -164 109 334 285 298 288 346
1004 -184 94 337 287 298 290 347
1008 -196 117 334 284 294 287 345
1008 -188 109 331 283 295 288 345
1012 -180 105 332 285 297 289 346
1004 -180 101 330 282 296 287 343
1012 -180 101 332 282 293 284 341
1015 -188 86 335 284 295 288 342
1019 -180 78 333 283 295 287 344
1008 -168 101 335 284 295 288 345
1019 -168 117 330 283 295 287 344
1019 -160 113 333 286 298 290 347
1023 -176 113 335 286 299 292 349
1015 -180 113 333 286 298 289 344
1015 -188 113 328 281 294 287 343
1015 -188 105 329 281 295 287 344
1008 -172 101 336 285 296 286 343
1012 -168 105 335 284 294 288 344
1004 -164 105 331 284 296 288 345
1008 -160 94 332 283 297 287 345
1008 -176 94 332 284 295 289 345
1019 -160 90 332 285 297 290 347
1012 -180 117 333 285 296 287 342
1023 -184 109 334 286 298 290 345
1015 -192 109 336 285 295 288 345
1008 -180 105 336 284 295 287 345
1012 -168 94 331 280 292 284 341
1008 -176 105 334 286 298 291 348
1008 -176 101 334 285 298 291 350
1000 -180 109 335 286 298 287 342
1012 -160 82 336 285 295 286 342
1031 -200 117 337 287 299 290 349
1019 -176 109 325 277 290 281 333
1015 -180 113 331 283 296 287 345
1019 -184 101 334 283 297 290 347
1008 -180 94 331 283 295 288 345
1012 -192 90 329 281 294 287 342
1008 -180 101 332 284 295 289 345
1012 -180 98 333 283 297 289 346
1008 -180 113 333 283 297 289 346
1012 -184 101 333 285 298 290 348
1012 -176 109 334 286 299 288 343
1012 -184 86 333 281 295 287 344
1015 -184 98 333 283 294 285 341
1012 -192 109 333 283 293 284 341
1023 -192 109 330 282 295 288 344
1019 -192 113 331 282 295 288 343
1012 -188 101 334 285 298 291 348
1019 -188 98 332 283 296 287 345
1015 -192 98 331 283 296 288 345
1015 -184 105 331 283 296 288 345
1015 -184 117 333 283 297 290 347
1015 -188 105 333 285 298 291 346
1019 -196 86 332 285 298 290 348
1012 -192 82 333 285 298 290 348
1008 -203 86 328 280 290 282 339
1012 -203 82 336 284 297 290 347
1008 -200 66 334 284 294 287 344
1008 -203 70 332 282 294 287 346
1012 -211 74 333 285 297 290 348
1008 -200 90 331 284 296 288 347
1008 -192 78 331 284 296 289 348
1035 -152 133 327 280 291 282 339
1023 -156 121 331 283 297 288 346
1008 -149 66 334 286 296 286 345
1015 -137 50 334 286 299 292 352
1000 -133 54 334 286 298 291 350
1012 -133 82 333 285 298 290 347
1015 -145 94 334 286 298 292 351
1019 -156 94 332 282 295 287 345
1023 -180 82 335 287 300 290 346
1019 -188 66 335 287 299 291 348
1012 -180 58 333 285 298 290 349
1012 -180 50 332 284 297 289 347
1027 -188 62 333 285 297 289 350
1012 -188 70 333 284 297 290 348
1012 -180 50 333 285 298 290 348
1019 -180 66 332 284 296 289 347
10.000909805297852