996 -266 188 330 289 302 383 254
992 -235 192 325 283 294 375 248
988 -231 184 324 283 294 373 248
988 -243 215 322 282 294 372 248
996 -239 215 321 281 294 371 248
1000 -215 200 318 279 293 369 247
984 -192 180 316 279 290 365 245
976 -200 188 318 283 296 372 251
984 -219 192 320 285 298 376 254
1004 -215 192 318 284 296 377 256
1023 -231 200 317 281 295 375 253
1008 -200 207 320 284 297 377 256
1000 -172 203 318 281 294 375 255
996 -188 231 318 282 296 376 256
1000 -164 215 314 278 293 370 254
1019 -133 207 317 281 293 370 255
1000 -141 200 319 283 297 375 260
1000 -141 196 319 283 297 376 260
996 -137 200 322 286 299 376 257
1004 -141 223 320 285 299 378 263
1004 -145 235 320 285 299 375 256
1000 -125 239 321 283 295 373 254
1000 -141 258 318 283 294 370 252
1000 -164 251 320 282 297 374 257
1000 -184 254 318 283 297 376 259
1004 -176 235 317 283 295 373 257
1008 -180 243 317 283 297 375 259
1012 -184 247 319 285 298 374 255
1015 -156 223 321 285 296 371 257
1000 -133 219 318 281 294 372 257
1008 -98 188 320 285 299 376 261
1000 -66 184 319 283 297 375 261
1004 -82 188 318 282 295 373 259
1000 -82 196 316 283 296 373 260
1000 -160 192 320 286 301 380 264
996 -160 192 321 285 297 371 260
1000 -160 203 320 283 295 371 261
1000 -152 203 316 282 296 373 262
1015 -164 223 321 283 297 370 259
1004 -164 211 320 286 298 372 261
996 -152 200 321 286 298 373 261
1000 -172 215 321 286 298 373 262
1000 -168 223 321 285 300 374 261
996 -168 207 327 285 296 376 265
1000 -176 227 322 283 297 378 266
1008 -184 223 323 285 299 381 266
1004 -145 200 335 285 299 392 271
1004 -133 188 335 286 299 395 273
1004 -133 188 335 285 298 396 273
1004 -152 196 336 285 298 392 267
1008 -145 196 334 282 293 391 267
1008 -137 200 331 279 294 390 266
1000 -137 192 327 278 291 390 266
1008 -133 192 337 284 298 398 271
1008 -129 176 334 283 297 396 269
1012 -133 192 339 286 301 404 276
1008 -137 184 337 283 297 399 271
1012 -137 192 338 283 297 401 271
1004 -121 184 340 287 300 402 271
1004 -137 184 338 285 299 400 270
1012 -137 192 338 286 298 399 268
1008 -141 192 340 285 296 398 271
1019 -149 188 336 283 296 399 272
1004 -137 164 337 285 298 402 273
1004 -141 172 336 284 298 401 274
1004 -137 188 338 287 299 401 276
1012 -133 188 334 284 298 398 275
1004 -137 192 337 286 299 396 271
1008 -133 172 338 285 296 395 273
1000 -141 188 334 283 297 397 275
1012 -137 172 336 284 298 400 276
1015 -125 196 333 282 295 397 274
1012 -129 196 338 286 298 398 274
1023 -141 200 339 283 296 399 275
1004 -141 188 339 286 297 397 277
996 -145 184 339 284 296 398 278
996 -145 180 340 288 299 397 279
1000 -149 180 339 287 297 395 276
1012 -152 196 338 283 296 397 277
1012 -137 207 336 287 301 400 283
1004 -137 188 336 284 295 394 278
1008 -129 184 332 283 296 395 278
1000 -133 184 335 283 297 396 280
1000 -137 184 336 286 300 400 285
996 -137 196 336 286 299 398 278
1004 -141 203 338 287 298 397 275
1008 -152 219 337 284 295 395 277
1004 -149 231 331 278 290 391 273
1008 -152 227 337 282 296 399 278
1004 -168 200 341 287 298 399 279
1000 -160 207 339 284 295 399 278
1000 -160 215 335 282 297 395 279
1000 -160 227 330 284 297 389 280
1023 -149 235 327 282 296 382 280
1000 -149 196 329 286 297 384 281
1004 -149 200 321 284 295 381 281
1015 -168 219 321 285 298 379 284
996 -145 211 321 287 297 375 280
1008 -156 219 323 288 302 385 287
1008 -152 207 323 285 298 383 282
1008 -152 211 324 285 299 386 281
1000 -149 207 329 287 297 384 278
1004 -145 203 330 283 296 386 280
1000 -145 203 337 288 302 401 287
1004 -137 207 331 287 298 380 287
1008 -141 192 329 287 300 387 294
1008 -129 200 329 286 299 383 286
1004 -129 200 329 284 295 380 286
1004 -149 223 328 284 296 382 289
1008 -149 215 327 284 297 382 289
1004 -141 211 328 286 299 383 288
1004 -149 203 329 286 297 379 287
1004 -133 196 324 283 296 381 288
996 -141 207 326 285 298 382 291
1004 -137 203 327 284 298 381 291
1004 -141 219 326 286 299 382 292
1004 -141 207 329 286 297 378 289
1004 -141 203 324 284 298 379 290
1004 -133 200 325 284 297 382 290
10.517350673675537