1008 -137 247 341 420 443 409 346
937 -70 254 329 406 430 396 332
1004 -125 247 328 406 428 395 332
992 -113 227 328 408 429 396 332
996 -109 211 328 409 427 395 332
1019 -129 247 325 406 424 391 330
1004 -141 251 326 406 424 391 330
1004 -125 235 326 405 424 392 332
1004 -137 235 326 406 423 390 330
992 -125 235 324 401 417 385 323
992 -129 243 325 402 418 384 325
992 -125 227 325 404 422 387 328
1015 -125 215 328 404 422 388 327
1008 -121 223 326 403 421 388 327
1012 -117 215 324 405 422 389 329
988 -105 223 326 406 425 391 330
996 -137 254 324 404 421 385 323
980 -86 274 330 406 421 387 328
992 -105 274 329 407 422 386 328
1004 -160 266 329 405 420 386 328
1004 -141 231 324 403 420 387 326
1000 -160 223 325 404 421 389 329
1000 -184 239 327 406 423 390 329
1000 -176 243 328 407 424 386 326
996 -145 258 327 403 421 386 328
996 -141 282 324 401 421 387 327
980 -141 286 323 402 421 387 327
988 -180 278 323 404 421 387 329
1004 -164 270 326 403 423 388 330
996 -121 270 327 405 423 389 330
1008 -133 270 324 404 420 387 328
1000 -125 270 325 402 423 389 329
980 -125 274 326 403 421 388 330
988 -137 286 326 405 424 390 331
988 -129 286 326 405 424 389 328
1004 -129 160 327 404 423 388 329
992 -105 101 328 405 420 386 327
1015 -137 90 324 402 420 385 328
1027 -137 117 321 399 418 383 326
1012 -117 133 322 398 417 384 326
1043 -160 149 327 406 425 390 334
1039 -164 121 326 405 424 389 328
1019 -105 90 326 405 424 390 331
996 -90 121 325 403 422 387 330
1023 -145 27 325 404 423 388 331
1019 -137 11 323 403 422 386 329
1008 -141 11 328 405 421 384 328
1015 -133 7 322 402 420 385 328
1012 -125 7 322 401 419 385 326
1027 -121 23 323 401 419 384 326
1035 -101 23 323 402 421 385 328
1031 -86 35 324 403 420 386 329
1015 -113 39 324 401 421 384 328
1019 -117 50 326 401 420 385 327
1019 -129 47 324 400 419 385 326
1031 -133 43 323 402 419 385 328
1012 -105 15 325 402 421 386 329
1023 -113 23 323 403 422 387 330
1023 -113 31 327 405 425 389 329
1015 -149 35 327 405 423 389 331
1015 -152 35 323 401 421 383 327
1019 -141 19 327 403 420 384 326
1023 -129 23 324 399 414 382 324
1008 -113 47 320 398 417 384 324
984 -117 94 326 404 423 388 330
1031 -137 74 324 401 420 386 328
1027 -105 50 323 402 421 387 330
1019 -66 19 324 404 423 388 329
1015 -125 39 330 410 426 389 330
1019 -164 -3 325 404 422 388 330
1023 -172 -15 325 404 422 389 333
1051 -141 -27 327 405 424 390 334
1047 -101 -3 324 402 421 386 329
1023 -86 31 325 402 420 386 329
1015 -82 54 324 402 421 386 329
1012 -82 62 324 403 421 387 329
1004 -70 35 324 402 422 387 330
1019 -50 -7 324 401 416 380 323
1015 -31 -23 322 401 419 385 326
1035 -78 31 326 401 421 386 329
1031 -90 35 323 399 419 385 326
1066 -113 3 327 403 420 382 325
1031 -109 3 326 405 424 386 326
1019 -105 0 326 405 425 391 331
1023 -109 -23 324 402 421 386 327
1012 -94 -35 322 401 421 386 330
1004 -78 -58 326 404 422 385 325
1012 -94 -47 325 404 422 385 324
1012 -90 -50 326 405 421 383 325
1023 -94 -47 325 404 423 388 331
1023 -98 -35 326 404 424 388 332
1035 -98 -47 324 401 421 386 328
1015 -78 -50 326 404 420 383 326
1039 -86 -50 327 405 424 389 329
1012 -62 -70 324 403 422 387 330
1023 -82 -43 324 401 420 386 329
1004 -39 -66 323 401 419 385 328
1004 -50 -62 323 400 419 384 326
1031 -54 -47 323 401 421 385 328
1004 -31 -35 324 402 421 386 329
1004 -62 -11 322 401 420 384 327
1035 -78 -19 324 400 420 384 328
1008 -62 -31 323 399 416 382 323
1023 -62 -58 323 401 420 384 329
1043 -23 -78 324 401 421 386 329
1012 -31 -47 321 401 420 384 327
1039 -54 -23 322 399 417 384 327
10.01693344116211