1000 -86 227 334 290 294 389 358
1008 -98 243 333 290 293 389 360
1000 -86 254 332 289 293 386 357
1004 -82 270 333 289 294 387 356
984 -74 251 332 289 293 387 358
992 -54 239 330 288 291 384 355
1000 -66 254 330 288 291 384 355
1000 -70 258 332 287 291 384 354
1004 -62 258 329 285 289 381 353
1000 -62 258 332 285 287 379 350
1015 -43 247 331 288 291 384 356
992 -62 258 332 289 292 384 356
1000 -66 258 330 288 291 382 356
1008 -66 251 329 288 291 384 355
1000 -58 239 329 287 291 381 354
1008 -74 262 333 289 293 385 356
984 -70 251 332 289 291 384 353
984 -62 247 333 290 291 380 352
996 -62 258 333 290 294 383 353
1004 -78 251 329 289 291 382 354
996 -78 254 330 289 292 382 355
996 -70 251 328 288 291 380 351
996 -62 254 329 288 292 379 353
1000 -66 239 329 289 293 382 355
1012 -62 235 331 290 294 382 355
988 -94 247 333 290 291 380 354
1004 -86 251 333 292 295 383 353
1008 -78 243 331 291 294 384 359
996 -70 251 330 290 293 382 354
1000 -62 239 332 292 296 384 356
1004 -70 243 329 290 293 382 355
996 -70 227 331 289 292 381 354
992 -86 231 330 288 293 381 355
1008 -82 243 328 289 292 380 354
1004 -74 254 328 289 292 379 353
992 -70 251 330 290 293 382 355
992 -62 258 326 285 289 376 350
1004 -70 251 332 289 292 377 349
1000 -70 243 328 288 293 379 353
996 -70 254 330 290 294 381 355
996 -62 223 333 293 294 378 353
1000 -66 235 331 292 295 382 352
1004 -58 235 331 291 295 383 354
992 -62 247 333 290 290 378 352
1000 -70 243 331 292 294 380 351
1004 -70 243 332 291 292 378 351
1004 -74 231 332 290 290 379 351
992 -66 219 330 290 294 381 355
1000 -62 235 330 291 294 382 355
1004 -66 243 330 290 294 382 356
1008 -66 243 326 286 290 378 352
1000 -54 251 330 291 295 382 356
1000 -54 247 333 294 296 380 357
1000 -58 243 329 291 294 378 353
992 -70 251 328 292 293 377 352
1008 -70 243 329 292 294 377 353
996 -62 243 325 286 287 368 346
992 -47 231 328 291 291 372 348
1000 -50 239 331 292 291 375 350
1000 -54 239 331 291 292 376 351
1000 -47 239 332 292 292 375 350
1000 -62 243 332 293 292 376 351
1000 -62 239 328 290 294 377 352
988 -58 243 328 292 295 379 354
992 -50 235 328 290 293 377 352
1008 -54 243 328 291 293 377 352
1000 -54 243 335 299 298 380 355
1000 -66 251 329 290 294 375 352
1004 -74 239 329 292 294 377 353
996 -47 231 328 292 293 377 353
1000 -66 251 332 293 293 375 352
1000 -58 247 331 291 292 374 347
1000 -47 243 325 288 291 375 351
996 -50 239 330 294 296 379 354
988 -50 231 330 292 295 378 353
1004 -50 243 327 291 294 376 352
1008 -58 247 328 292 295 377 353
1000 -47 231 330 290 295 377 352
1000 -54 239 327 292 294 376 352
1004 -50 243 326 291 293 376 350
992 -43 239 327 292 293 376 353
996 -54 239 327 289 291 371 346
1004 -47 231 327 291 291 372 345
996 -54 251 327 291 294 375 352
1000 -54 251 327 291 294 375 352
1000 -54 251 328 292 294 377 353
1000 -54 239 326 290 294 377 351
1004 -58 243 328 293 295 377 353
1000 -54 239 331 295 297 378 352
1004 -50 243 329 293 296 379 353
1004 -43 243 325 290 294 376 352
996 -47 243 328 293 295 378 352
1000 -70 223 330 295 297 379 355
1008 -74 235 324 290 292 374 351
1008 -66 219 324 290 292 374 350
1004 -74 227 328 293 295 377 355
1004 -66 223 329 294 296 377 355
996 -74 227 327 293 295 375 352
1012 -86 231 329 291 291 373 349
1000 -74 231 327 290 293 373 350
1000 -70 231 327 291 294 374 350
1004 -70 247 326 290 290 369 346
1008 -74 243 323 289 292 373 348
1004 -66 235 327 294 293 375 351
1000 -78 231 329 295 295 374 347
1012 -109 227 328 294 296 377 351
992 -105 243 330 292 292 373 349
1008 -90 231 331 296 296 374 349
1008 -78 219 328 294 296 377 352
996 -70 211 329 295 296 376 350
984 -78 239 330 295 297 375 349
1000 -86 223 330 296 298 379 352
1012 -82 223 330 295 294 372 349
1004 -82 243 327 291 292 369 347
996 -86 254 326 290 290 371 347
1000 -82 227 329 295 296 375 348
10.031813383102417