996 -47 321 323 284 296 370 318
980 -54 282 326 284 294 367 314
968 -23 266 326 284 295 364 312
992 -19 290 325 285 298 370 316
984 -43 321 324 285 296 366 314
968 -39 313 327 285 297 367 314
980 -23 329 323 283 295 363 308
988 -31 329 324 282 294 364 312
976 -23 309 326 285 297 366 313
988 -43 305 324 284 296 365 312
984 -35 309 323 283 295 365 311
972 -23 309 324 284 295 363 312
949 -27 309 327 285 293 362 311
976 -39 345 327 285 293 363 311
996 -43 341 327 287 298 365 311
968 -47 325 327 287 296 363 310
968 -66 333 328 288 299 367 313
972 -66 345 328 287 298 367 314
961 -54 321 321 280 293 360 311
1008 -54 333 327 286 297 366 316
953 -62 302 329 285 294 362 312
949 -70 349 328 286 295 361 311
984 -70 356 328 286 295 362 312
988 -70 356 325 285 294 365 314
972 -54 317 324 285 294 363 314
972 -54 313 325 284 296 365 315
976 -70 329 325 284 295 364 314
984 -66 321 325 284 293 359 307
980 -43 349 327 284 295 360 308
984 -62 372 328 285 296 366 315
1000 -70 384 328 288 300 369 315
961 -66 321 329 286 295 365 314
976 -47 274 329 286 294 363 314
980 -62 329 329 286 294 362 312
984 -74 341 327 286 297 364 311
996 -101 341 328 287 297 362 312
972 -109 333 328 288 296 363 312
984 -117 337 328 285 294 362 312
988 -74 321 325 285 296 363 314
980 -54 309 325 285 297 365 315
957 -47 313 324 285 294 363 314
976 -27 337 322 282 294 360 312
992 -35 337 324 284 296 363 314
1000 -50 345 327 285 297 365 315
980 -62 321 323 284 295 364 314
972 -70 309 325 285 295 364 315
984 -74 309 324 286 295 364 314
953 -27 313 327 284 295 364 313
925 -39 325 326 284 295 363 312
917 -27 329 328 286 294 363 313
964 -50 333 322 283 295 362 311
988 -66 329 327 288 297 363 311
1012 -66 321 327 286 294 362 312
992 -43 290 326 283 295 362 313
988 -50 258 329 285 297 364 315
976 -78 262 327 287 298 365 314
976 -58 258 326 287 298 365 314
1008 -54 262 326 287 297 365 315
1004 -74 302 327 287 298 364 313
980 -70 305 328 288 296 361 312
996 -74 309 328 288 296 361 311
988 -74 309 328 288 296 361 311
968 -58 302 327 287 298 363 311
968 -78 305 327 288 299 364 312
980 -78 305 327 287 298 366 317
972 -70 290 327 287 299 366 318
996 -66 290 327 288 297 365 315
988 -50 337 324 282 291 359 308
1000 -58 294 327 286 297 364 315
992 -90 302 328 288 299 363 312
992 -86 302 327 287 297 364 315
1000 -66 333 328 284 295 361 313
988 -43 325 327 285 294 359 312
988 -54 345 328 285 293 360 312
988 -35 337 326 285 293 357 309
976 -23 317 329 287 296 361 310
968 -27 321 328 286 295 360 310
984 -50 313 323 283 294 360 313
980 -43 313 327 286 297 363 316
984 -50 321 326 287 297 363 316
996 -50 305 326 287 297 363 317
976 -58 298 326 286 295 361 315
984 -47 286 326 286 295 362 314
976 0 404 324 283 294 359 311
968 -11 376 328 285 294 357 311
1008 -27 325 329 285 295 362 313
988 -3 298 327 285 294 360 313
992 -27 298 330 286 296 362 314
980 -11 282 332 290 298 362 314
968 -3 262 329 288 298 362 313
10.067036151885986