1015 -58 176 304 268 286 281 322
1012 -39 164 312 275 292 287 329
1008 -47 184 312 276 294 288 331
1008 -47 196 313 277 294 289 333
1012 -43 188 310 273 288 280 323
1008 -39 164 316 276 292 285 329
1012 -35 184 315 278 294 286 326
1012 -39 188 310 274 292 286 328
1004 -31 172 315 278 293 285 328
1008 -43 152 315 275 291 287 329
1008 -43 149 315 275 290 285 329
1012 -35 168 316 276 292 286 329
1015 -50 196 314 275 292 286 327
1008 -31 168 312 276 292 286 329
1000 -19 172 313 274 293 287 330
1008 -39 203 314 277 294 289 332
1012 -47 203 309 270 289 283 326
1012 -39 192 310 271 288 284 326
1004 -58 196 310 273 292 287 328
1004 -62 200 311 275 292 286 328
1012 -78 207 313 274 293 287 330
1008 -66 203 314 277 294 288 332
1015 -58 200 313 276 294 289 331
1004 -31 200 315 278 296 290 331
1004 -31 192 317 279 295 288 327
1008 -11 176 316 276 291 286 327
1004 -31 200 314 277 294 287 326
1004 -54 203 315 277 292 284 327
1015 -78 200 315 278 295 289 331
1015 -74 172 313 274 290 282 324
1008 -58 184 311 274 292 284 324
1000 -27 207 314 275 290 285 326
1004 -47 215 314 274 290 285 327
1004 -54 211 312 275 292 287 329
1008 -66 188 317 279 293 285 327
1008 -54 184 315 277 294 289 331
1012 -35 211 314 276 294 289 329
1015 -50 231 315 278 294 287 326
1004 -47 235 316 277 292 285 327
996 -74 207 316 278 294 286 326
1008 -58 152 308 271 289 284 326
1012 -19 156 309 270 286 281 322
1004 -31 200 313 275 292 286 328
1008 -58 200 314 274 291 286 327
1000 -66 200 313 276 292 287 328
1008 -74 207 313 275 292 287 329
1008 -58 215 313 275 292 288 329
1012 -39 200 312 272 287 282 324
1008 -31 180 310 270 289 283 325
1000 -58 200 318 277 291 285 324
1004 -50 203 317 279 293 286 325
1004 -50 207 318 277 291 286 328
1004 -31 211 317 277 291 288 328
1004 -43 223 316 277 294 288 326
1000 -43 211 317 277 293 285 326
1004 -50 200 317 275 290 286 327
1004 -54 200 313 275 293 286 328
1004 -58 200 314 275 292 286 328
1008 -43 223 318 279 293 286 326
1004 -66 251 317 278 295 290 331
1015 -78 235 314 277 293 289 330
1008 -47 188 316 275 292 288 329
1004 -66 203 314 276 293 289 330
1000 -54 203 316 277 293 289 329
10.193353176116943