160 866 133 346 360 400 380 342
137 882 152 345 360 400 379 343
168 910 145 344 358 400 380 342
152 890 164 342 358 398 376 339
105 933 164 341 358 400 380 344
94 898 184 344 361 403 384 348
109 890 180 341 358 400 380 344
66 976 207 346 361 401 378 342
90 933 215 342 359 402 382 344
129 953 164 343 360 402 382 345
109 953 133 343 360 402 383 348
90 961 141 342 360 402 382 345
129 921 141 340 355 395 376 339
125 898 141 338 355 398 379 341
149 874 156 345 360 400 379 340
152 878 160 344 358 399 380 341
168 851 172 345 361 399 378 341
160 839 176 345 362 402 380 341
98 898 168 345 362 404 385 349
74 890 168 343 361 403 383 347
82 890 141 343 360 402 382 346
133 890 121 341 359 399 380 344
168 874 149 341 359 400 381 344
164 902 141 344 358 398 378 340
105 984 109 343 357 397 378 342
98 878 160 344 362 401 378 341
117 917 149 342 360 402 383 344
125 921 133 341 358 400 379 343
125 906 149 342 357 399 379 342
133 913 152 341 356 398 379 342
149 906 164 345 360 398 379 343
149 882 180 345 360 398 378 342
133 910 156 338 356 398 379 340
121 917 176 341 358 397 375 339
125 913 200 343 357 399 377 342
113 913 176 342 357 399 379 342
117 906 168 341 358 398 379 343
129 894 180 342 356 398 378 342
133 894 172 340 356 397 378 343
137 902 156 342 359 397 376 341
141 886 180 342 359 401 381 345
133 902 172 342 359 401 381 347
137 906 160 342 358 400 380 345
125 898 149 343 361 402 382 346
133 906 133 337 355 396 377 341
149 890 156 344 358 397 379 342
141 917 149 344 361 400 378 341
121 913 137 343 360 399 377 340
113 902 141 343 361 401 379 340
113 906 160 344 361 401 378 341
121 917 160 344 362 400 378 341
121 921 176 344 361 399 377 341
113 913 172 343 360 402 380 341
94 894 176 345 363 406 383 344
117 898 172 343 361 402 383 346
125 910 172 342 357 400 381 345
125 902 180 339 354 396 376 341
125 878 164 340 355 396 378 342
133 870 156 340 357 396 374 337
141 855 156 338 355 396 378 339
141 898 149 345 358 398 378 343
105 910 235 341 357 400 381 345
82 913 235 341 357 399 380 344
105 882 254 339 355 397 378 341
117 859 254 340 354 396 377 342
117 870 235 338 355 398 377 338
109 906 235 348 360 399 380 345
117 894 247 343 356 396 377 341
121 878 247 344 357 398 377 340
152 890 196 339 355 399 380 344
172 902 184 339 355 397 377 340
156 898 200 342 355 397 378 340
152 910 188 340 356 398 377 342
156 902 188 342 355 395 375 340
172 882 192 342 355 397 378 343
172 878 184 339 354 394 372 335
172 874 184 343 359 398 375 340
156 898 168 340 357 399 377 339
160 902 172 340 357 399 380 343
156 906 168 336 351 394 375 340
168 886 180 342 358 399 377 341
156 898 176 342 358 401 378 339
152 902 172 342 358 400 382 347
160 902 168 341 356 399 380 342
164 890 172 342 357 399 378 344
160 894 172 343 356 397 376 341
164 902 172 341 353 396 376 341
156 898 172 333 350 392 373 336
10.158818483352661