1000 113 -149 311 386 375 366 266
980 113 -113 305 376 364 356 256
1000 117 -121 304 377 365 355 259
1000 90 -105 300 373 362 353 257
988 129 -133 306 379 365 353 254
1000 98 -149 303 374 363 354 256
980 141 -152 306 376 363 354 255
988 121 -125 305 374 363 352 255
1004 121 -121 306 376 366 354 257
984 121 -105 307 376 366 356 258
992 133 -129 304 376 365 355 257
984 129 -121 304 373 362 352 256
988 137 -113 307 378 366 353 254
988 137 -117 308 379 368 358 261
988 141 -125 307 379 365 353 254
996 117 -121 309 379 365 353 262
992 117 -133 307 378 367 356 262
992 113 -125 307 379 365 353 261
1000 121 -121 307 376 362 353 260
1004 117 -121 305 377 366 356 265
984 121 -121 308 379 366 354 261
988 105 -113 306 376 365 355 264
996 82 -141 306 376 365 356 265
980 117 -145 308 377 364 354 264
996 101 -117 306 374 364 354 264
992 121 -121 306 375 362 351 259
984 137 -125 305 372 360 350 261
1000 121 -129 305 376 366 356 267
996 129 -145 306 378 367 358 266
992 129 -117 304 371 361 349 258
984 141 -137 306 375 362 349 261
988 145 -145 307 375 364 354 265
992 152 -145 304 375 363 354 266
992 152 -137 306 376 367 356 269
972 168 -141 306 376 366 356 267
984 164 -125 307 377 366 357 267
988 160 -125 308 379 366 354 264
984 156 -141 309 380 367 355 265
984 152 -129 307 378 367 354 263
984 172 -145 308 377 364 353 266
980 176 -149 306 374 365 354 266
988 164 -137 306 376 366 356 267
984 188 -141 307 375 366 355 267
984 176 -137 306 378 366 356 269
976 180 -129 302 372 361 352 264
972 176 -117 302 369 360 350 263
984 168 -125 306 376 366 356 267
976 160 -141 305 376 365 355 267
984 164 -152 308 378 369 360 271
988 160 -113 307 375 363 354 266
988 156 -113 308 378 366 353 264
988 152 -98 307 375 365 355 266
988 149 -98 307 376 367 356 266
988 129 -90 304 375 363 354 270
980 145 -109 308 376 363 354 267
992 145 -101 307 374 362 352 265
992 145 -94 306 375 364 354 267
988 152 -86 303 373 362 353 267
992 152 -74 307 375 365 355 269
1000 149 -82 305 375 365 355 269
1000 149 -90 305 375 363 354 268
996 145 -105 304 371 359 349 265
992 141 -113 306 376 366 356 271
988 133 -109 306 375 366 356 269
988 141 -109 306 376 366 353 266
968 156 -121 308 376 363 351 268
1000 145 -113 309 381 367 354 269
984 184 -105 306 375 365 355 270
996 160 -86 305 376 364 354 270
992 160 -94 304 375 363 354 269
988 145 -86 305 375 364 354 270
988 141 -90 305 371 360 347 265
980 141 -94 305 372 360 348 266
1000 137 -101 304 373 361 349 265
984 152 -105 304 373 364 352 269
984 137 -86 304 375 362 354 270
996 117 -74 304 374 364 354 270
992 117 -74 309 378 368 358 273
1008 113 -70 303 374 364 353 269
1000 113 -66 305 374 364 355 270
1000 137 -62 306 377 366 356 274
1000 137 -66 305 373 364 354 271
1000 137 -66 305 376 365 355 271
996 145 -66 305 375 365 355 272
992 149 -58 304 375 365 355 272
1000 137 -74 306 376 366 355 269
996 141 -62 305 375 365 355 270
1000 149 -66 306 376 367 354 269
1004 133 -50 307 378 365 353 269
1000 145 -58 306 377 364 352 268
992 133 -62 306 374 362 351 267
992 137 -86 311 379 366 356 272
988 137 -78 304 374 363 353 270
1015 125 -70 302 373 363 353 269
996 133 -82 306 373 361 351 268
996 105 -82 307 377 367 358 276
1000 90 -58 304 374 364 354 272
996 109 -66 304 374 362 353 271
1000 117 -74 303 373 362 352 269
996 125 -78 303 373 363 351 270
996 105 -70 302 372 363 352 268
1004 94 -62 303 374 363 353 271
1008 94 -74 304 371 362 352 270
1008 86 -66 307 377 364 351 268
1000 113 -78 308 376 363 353 271
1000 101 -74 304 374 364 354 272
996 105 -70 306 377 367 358 274
1000 113 -78 304 375 365 355 270
996 109 -78 304 375 365 355 272
1000 117 -98 306 374 362 351 267
1004 74 -70 306 373 362 354 268
10.965359449386597