957 117 345 338 283 287 315 249
945 109 360 323 269 273 302 234
941 94 372 331 273 276 303 237
949 109 372 331 276 278 302 236
957 121 364 330 275 279 304 236
945 137 345 328 272 275 302 237
949 137 356 329 273 274 301 235
949 156 337 330 271 273 301 237
941 168 329 332 276 278 302 238
945 172 313 334 276 278 304 239
945 180 305 328 275 278 305 236
941 172 302 329 271 274 301 237
941 145 325 330 276 277 301 236
937 156 329 329 274 276 301 236
957 156 329 329 273 278 305 240
968 168 364 326 272 277 302 239
953 121 376 326 272 276 303 237
937 105 353 326 272 276 303 240
945 74 349 328 271 274 298 235
949 50 356 333 276 278 306 239
949 101 345 325 273 277 303 239
945 129 337 326 273 276 303 238
957 129 345 325 272 276 303 239
968 125 262 331 275 281 306 241
964 125 282 328 273 277 303 240
980 160 274 329 274 279 305 242
961 133 290 328 273 276 305 240
996 121 211 330 276 280 306 241
980 145 227 329 275 280 306 240
988 152 243 328 276 278 307 238
992 149 231 329 275 280 308 245
988 109 231 330 276 277 301 238
980 125 223 329 277 280 304 239
984 113 219 329 276 280 304 237
988 86 223 327 275 278 306 242
1000 74 227 328 276 279 307 244
980 82 223 329 275 279 307 244
1004 105 243 325 275 277 304 240
996 117 235 331 274 276 303 239
972 125 219 331 274 276 302 240
988 86 227 329 274 275 302 238
1000 74 207 328 275 280 306 240
976 121 231 327 273 278 305 242
980 192 215 329 276 280 308 246
996 188 235 328 275 279 306 242
1000 149 239 330 277 281 308 246
1000 109 203 329 277 279 304 239
968 3 278 325 273 277 303 242
1000 -62 349 327 272 277 303 242
1015 -78 368 325 272 277 303 241
996 -43 302 327 273 277 304 241
980 19 251 328 273 276 303 241
976 47 254 332 278 283 308 244
992 35 286 329 276 281 308 247
992 43 282 326 275 279 305 245
992 7 258 331 277 280 306 245
988 7 227 330 277 277 301 239
988 35 211 329 277 280 303 241
996 -27 254 327 275 279 305 245
988 -3 266 330 278 281 303 241
984 39 262 328 276 279 305 242
996 27 286 329 276 279 306 247
996 7 298 327 275 279 305 245
1000 23 247 324 273 276 301 237
980 19 243 329 277 278 302 241
980 58 251 326 275 278 305 244
980 15 247 327 274 278 303 243
984 39 278 329 275 277 304 242
988 50 290 328 278 279 302 240
1000 54 278 328 277 280 305 241
992 66 254 328 276 279 305 246
10.802780389785767