910 82 435 329 348 361 338 313
921 50 451 327 344 356 331 309
902 47 443 333 350 358 336 310
902 62 462 333 350 356 333 309
898 62 482 329 349 358 338 311
913 15 451 330 349 359 337 312
906 31 451 329 347 356 335 311
890 23 506 331 349 358 338 313
859 11 545 326 347 355 335 310
886 11 533 330 346 355 334 309
878 3 521 330 350 358 336 309
866 -3 513 330 349 357 338 314
878 -3 509 328 348 355 335 310
898 -3 521 326 348 354 335 309
866 0 513 330 345 353 333 307
855 0 533 332 351 356 333 305
851 -3 568 328 348 357 334 310
851 -7 584 327 346 354 334 307
862 -3 576 330 344 354 332 308
851 -31 596 331 349 358 337 312
835 -23 596 330 349 357 337 312
847 0 584 330 348 356 336 310
855 23 576 329 347 356 335 311
851 0 596 326 346 354 334 307
913 35 486 327 346 354 334 309
894 62 478 327 347 355 335 310
898 43 502 328 346 353 334 309
890 27 509 331 346 353 331 305
898 15 506 330 349 353 331 306
890 11 490 330 349 355 333 305
902 0 502 330 350 356 337 312
890 31 498 329 344 354 334 310
890 23 509 327 346 353 333 309
878 11 541 329 344 353 331 309
882 -11 545 328 345 353 334 310
886 3 509 329 345 354 333 311
874 -11 509 328 344 353 332 308
874 7 572 328 344 351 331 309
862 7 576 329 349 355 332 306
874 7 568 329 347 355 334 310
874 -7 553 327 346 353 332 310
870 0 509 330 348 356 334 309
882 7 509 328 346 354 332 312
886 7 502 329 345 352 333 308
874 11 474 330 350 355 332 307
906 31 435 329 348 354 334 308
898 35 396 326 345 350 331 310
870 47 545 331 348 351 331 308
843 117 564 331 349 357 333 309
870 -180 533 331 346 354 333 311
847 -172 537 331 350 357 337 312
859 -172 557 331 349 355 331 307
862 -176 560 331 348 351 331 308
859 -180 564 332 346 351 331 309
851 -145 549 325 344 352 332 308
862 -149 576 325 346 352 333 309
843 -188 596 326 346 351 331 310
847 -176 584 328 346 353 333 311
859 -160 564 329 347 354 334 312
835 -188 568 328 347 353 333 312
839 -188 584 329 348 353 333 312
855 -188 564 328 347 354 333 313
851 -203 541 329 348 353 334 312
851 -192 529 329 347 354 334 309
862 -211 553 326 346 352 332 306
855 -164 545 325 345 351 328 304
886 -35 529 329 349 355 334 313
886 -43 517 329 348 354 336 315
898 -3 502 329 348 354 333 307
917 -11 494 327 346 352 333 311
902 -3 506 329 347 352 333 312
890 -19 502 328 345 351 332 309
10.861484289169312