917 39 439 336 266 374 359 322
917 54 431 334 264 372 359 327
921 54 431 329 260 366 355 320
921 47 455 335 261 368 355 320
910 50 474 336 263 367 355 320
921 50 466 335 264 372 357 321
910 31 482 333 265 371 358 324
894 74 466 332 264 370 359 324
890 47 490 330 261 367 356 322
910 27 502 335 263 367 353 322
929 58 513 334 265 371 358 321
870 47 533 334 266 370 359 323
902 156 506 336 266 373 362 327
835 129 541 335 265 371 356 320
886 149 608 335 265 372 360 328
874 152 619 334 266 371 358 322
878 133 596 335 265 371 357 320
878 35 525 331 263 367 356 323
894 11 482 335 262 368 353 316
910 -7 419 334 261 368 353 322
906 -15 364 335 266 371 360 327
921 -39 337 334 264 371 358 323
913 -7 376 335 266 372 358 328
910 -3 415 334 263 369 357 323
910 27 419 330 261 368 355 322
925 31 443 335 266 371 355 320
917 31 470 335 265 372 359 327
913 54 490 334 264 369 357 324
913 117 506 333 266 370 359 327
878 164 553 335 265 371 358 328
886 164 600 335 265 371 359 327
866 145 588 333 265 370 358 322
917 125 537 326 260 364 353 320
953 23 466 333 263 370 354 323
906 31 356 336 264 366 355 322
913 86 298 333 262 365 354 321
921 101 333 334 266 371 356 320
941 109 368 336 266 371 354 320
976 121 396 334 265 372 356 322
937 129 419 334 266 370 356 320
949 105 451 335 264 371 358 323
921 168 419 332 263 371 357 325
988 -62 321 334 266 372 355 321
980 3 254 333 266 370 358 328
1012 62 235 331 264 366 355 324
976 113 211 331 264 367 355 324
961 -35 419 330 264 369 355 327
953 58 294 334 267 370 354 321
961 70 325 329 265 367 354 325
953 35 356 331 264 364 351 319
961 35 376 329 264 367 356 324
972 58 372 333 267 370 357 328
988 47 345 329 264 368 353 325
961 58 333 331 263 368 355 322
945 23 337 336 266 365 353 321
980 62 305 333 267 371 355 321
957 90 258 333 265 369 356 326
957 66 266 332 266 369 356 326
961 105 309 330 262 364 350 318
972 152 356 329 262 368 353 324
953 168 411 329 264 367 353 325
953 203 431 333 268 373 360 329
913 219 407 333 267 368 357 323
933 109 427 331 265 369 355 327
957 27 341 331 264 368 355 326
957 -39 254 332 263 369 354 326
964 -43 211 329 264 366 354 325
1000 -66 262 333 265 365 352 323
980 -43 294 328 264 365 354 322
980 31 274 332 263 367 353 323
984 90 266 334 266 365 352 323
961 125 270 334 267 367 351 322
972 215 282 333 266 370 355 329
988 43 247 331 267 368 352 322
976 35 286 323 259 363 348 322
961 -27 360 330 267 371 353 322
980 -7 376 331 267 370 355 324
964 -35 407 330 265 369 355 327
964 -11 419 329 265 369 355 327
961 31 392 327 264 369 353 325
964 43 364 330 264 367 354 325
984 58 345 329 263 366 352 324
968 78 313 332 265 365 352 324
945 62 290 331 267 370 355 323
913 43 286 329 267 369 355 329
945 -39 392 324 258 363 349 321
957 -7 404 328 264 367 352 324
953 -27 407 332 266 366 353 325
961 11 380 331 265 365 354 323
961 70 345 331 267 371 355 325
933 74 349 330 267 370 355 323
953 82 345 329 265 369 355 327
976 101 368 330 265 368 354 328
976 58 372 329 265 368 354 327
961 31 384 329 265 368 355 326
964 23 360 328 263 365 352 325
953 11 360 330 264 369 353 326
957 0 356 334 269 369 352 326
968 27 349 324 262 363 351 323
953 27 364 326 262 361 350 320
953 3 396 326 263 366 354 324
937 15 400 331 265 365 352 325
933 43 388 332 268 370 352 323
937 54 407 330 265 369 354 327
921 11 470 331 268 369 354 323
941 -3 474 332 267 370 357 325
929 3 458 328 266 367 355 326
949 -3 466 329 267 368 355 327
933 0 455 331 268 371 354 323
941 19 415 330 265 369 355 327
949 7 415 329 266 368 354 326
933 0 400 331 264 367 353 323
957 7 372 331 268 369 355 325
949 15 376 330 266 369 355 327
945 19 376 327 263 366 353 324
941 15 388 333 266 365 352 322
953 -3 407 332 268 368 352 321
949 7 388 330 266 369 355 328
953 -23 392 332 266 366 353 322
937 -3 384 332 268 368 351 323
953 -11 396 331 267 370 355 325
949 15 400 329 266 367 353 326
945 7 407 328 266 367 354 326
10.331593990325928