1019 -50 35 334 357 366 358 337
1004 -109 78 331 351 361 353 331
992 -70 31 335 358 367 357 335
976 188 -172 336 356 364 355 332
1027 211 -168 336 355 362 352 329
984 39 -66 334 356 363 349 328
945 117 -129 336 356 366 355 333
992 176 -160 334 357 370 355 334
980 141 -125 336 358 370 357 336
992 70 -58 336 358 372 357 338
1023 50 -47 335 359 369 356 336
1012 121 -105 339 361 372 354 331
1008 86 -78 337 358 367 354 332
988 98 -62 334 355 370 355 334
996 109 -62 338 356 369 354 332
1008 54 3 335 356 371 354 331
1015 121 0 332 355 368 354 331
1008 125 -11 333 356 368 356 332
1004 121 0 335 355 369 353 334
1004 133 -47 339 359 366 351 332
1000 164 -86 338 357 367 353 332
1004 149 -105 338 360 369 351 331
1019 74 -47 340 361 369 352 334
992 50 -50 336 359 370 355 335
1015 31 -23 336 357 367 355 332
1000 27 0 337 362 370 354 330
992 62 -3 338 360 372 357 335
1000 58 -35 340 362 368 352 331
1012 54 -23 338 359 368 351 330
1008 39 -7 336 358 369 352 330
1004 39 19 335 358 368 354 335
988 -890 353 334 354 367 352 334
984 -651 223 333 355 367 353 333
984 -345 58 334 357 368 353 337
961 -313 74 334 357 367 354 335
976 -411 184 332 355 365 350 333
992 -302 192 333 355 366 351 333
980 -227 207 333 356 367 353 333
1004 -239 251 331 355 366 352 334
988 -215 235 329 353 364 350 329
1015 -196 247 334 357 367 350 329
980 -149 196 334 356 369 351 330
1047 -129 341 335 358 366 347 329
1043 -105 333 333 352 364 350 331
1035 -172 337 331 355 365 349 332
913 50 372 334 356 367 352 330
976 31 384 332 356 365 352 331
976 39 372 332 353 364 351 331
949 70 345 334 358 368 351 329
968 90 333 331 357 366 354 333
957 82 325 333 354 366 352 332
953 94 305 335 356 365 351 330
976 74 317 335 360 365 349 329
968 19 345 334 358 368 352 328
964 15 337 330 355 363 351 331
972 3 321 328 351 362 346 328
968 -7 313 331 354 365 350 330
972 0 305 336 359 367 349 329
988 0 321 333 357 367 353 331
972 0 317 333 357 367 352 333
968 3 317 332 355 366 351 332
961 35 302 329 353 363 350 330
976 43 325 335 360 368 350 328
964 66 313 330 355 363 349 332
980 43 309 332 353 363 349 329
964 39 313 335 358 368 350 329
988 23 313 334 356 368 351 331
968 31 305 332 356 363 351 330
972 39 286 330 353 366 348 330
972 11 270 326 349 360 346 327
992 19 274 330 350 362 347 328
988 23 290 333 354 364 350 332
988 19 298 331 354 365 348 330
992 23 294 335 353 364 349 330
988 15 262 334 357 369 352 334
988 3 274 333 354 366 352 331
996 -3 274 328 350 362 347 329
988 0 278 328 350 362 348 327
988 -7 270 332 353 365 349 332
988 0 278 335 357 368 353 333
988 0 274 332 352 364 347 330
984 3 262 334 357 367 352 330
992 7 262 332 354 366 350 332
980 11 262 335 357 368 350 328
992 11 266 334 357 368 353 332
988 7 266 336 357 366 347 330
992 15 266 334 357 368 351 328
992 3 270 333 355 367 352 333
992 7 274 334 357 367 353 331
988 7 282 328 349 362 346 327
992 0 274 331 354 364 348 325
988 7 266 333 354 366 351 332
992 3 274 331 353 365 349 331
988 0 270 335 357 366 347 328
992 7 270 334 356 368 351 333
988 3 282 329 353 364 349 329
992 7 286 334 354 364 347 328
988 7 278 335 358 369 356 333
10.528913497924805