721 286 611 302 352 354 332 264
717 302 611 301 349 354 333 263
729 305 623 305 354 353 331 262
725 254 659 305 355 354 331 262
757 333 686 304 351 354 332 263
776 290 737 304 352 356 334 267
635 466 517 303 351 353 334 288
651 211 341 301 348 348 326 279
674 39 364 306 354 356 333 285
662 50 368 306 353 357 337 293
670 113 353 305 353 356 336 291
670 90 388 306 355 357 336 291
694 141 404 304 351 354 334 289
721 215 431 305 352 355 334 290
721 262 470 305 353 355 334 289
741 290 513 305 353 355 334 290
749 345 521 303 351 352 333 288
788 419 545 305 353 356 332 288
823 474 584 303 354 355 335 292
851 407 643 304 354 354 334 290
843 353 608 304 355 356 334 286
808 117 623 304 350 352 325 275
768 141 513 305 353 354 328 276
753 184 443 304 353 355 330 277
713 129 482 302 354 355 334 283
706 66 537 301 351 353 332 280
698 121 509 301 350 351 331 279
706 211 482 300 349 351 329 276
611 486 294 304 350 349 327 280
560 662 447 301 348 349 325 272
529 733 517 304 353 355 331 273
482 674 576 302 351 354 330 273
529 690 576 302 353 353 330 275
521 749 537 302 352 353 330 275
427 713 572 302 352 353 330 276
443 768 564 302 352 353 331 277
455 776 478 305 355 354 328 270
423 882 443 303 353 353 329 272
423 910 474 304 353 355 332 280
419 929 509 302 352 355 332 280
439 945 521 302 353 354 329 276
443 957 525 302 352 355 327 274
443 937 490 304 353 356 330 275
455 870 451 300 351 351 328 276
494 800 455 299 351 349 327 276
482 811 368 300 350 352 328 275
584 725 349 301 351 353 329 275
560 635 325 300 350 350 328 272
576 525 329 299 347 346 324 267
627 506 302 298 346 348 325 269
608 443 321 303 351 350 326 267
604 364 384 301 349 350 328 270
627 458 349 304 352 352 325 271
635 451 368 302 352 350 326 269
635 466 384 302 352 353 329 269
627 529 380 302 353 352 325 270
643 576 384 300 351 353 329 272
643 615 435 303 353 355 331 282
713 639 435 302 351 355 328 299
729 682 388 304 353 356 331 315
466 847 451 304 350 352 330 241
486 796 506 303 352 351 325 241
541 710 506 302 352 355 329 240
521 757 470 303 352 351 326 240
596 686 455 302 351 351 328 242
615 639 439 299 346 348 325 245
592 643 400 299 349 352 327 247
670 529 392 301 349 350 328 256
670 521 360 299 347 351 329 257
659 498 353 299 347 350 329 256
686 353 392 302 353 355 333 264
537 800 462 303 350 351 328 252
490 843 462 302 352 354 329 249
545 800 490 302 352 356 333 254
490 843 466 296 345 349 327 248
431 780 478 298 348 351 325 243
411 815 447 300 349 353 329 249
427 866 431 298 349 352 330 249
400 878 490 298 347 352 328 253
423 847 560 297 348 350 327 262
451 910 517 298 349 353 329 270
431 882 549 295 350 350 327 270
458 776 509 296 349 353 326 276
529 745 458 299 352 352 323 278
513 694 431 299 352 350 325 277
588 619 419 298 351 354 329 283
588 600 380 297 349 353 327 282
596 533 384 295 349 350 326 279
592 517 384 296 349 351 326 280
643 431 407 296 350 354 328 280
635 486 376 297 350 354 329 281
631 458 392 296 350 353 330 287
647 455 396 298 351 355 331 288
651 517 360 295 350 354 329 284
635 502 392 296 350 354 329 283
682 525 404 294 348 351 327 280
674 521 415 295 347 351 326 279
678 545 427 295 350 350 325 274
717 506 482 293 347 352 326 277
710 557 447 300 353 355 327 276
706 592 451 297 351 354 330 279
737 560 470 297 350 355 329 284
702 580 443 295 350 352 329 281
706 588 439 296 349 354 328 283
706 568 455 304 353 352 324 283
764 541 435 296 347 352 323 283
455 898 423 303 351 350 322 268
455 964 345 301 350 348 320 266
466 898 372 300 351 354 324 269
502 796 466 299 350 354 325 275
482 780 447 300 353 354 323 271
435 764 419 300 353 353 322 272
474 710 415 300 352 354 324 276
533 611 439 299 352 355 329 293
10.025425910949707