980 -274 243 298 268 277 304 237
968 -278 231 296 268 277 304 233
972 -262 207 295 264 276 304 235
988 -270 231 294 264 275 304 235
1008 -251 207 295 266 279 306 240
980 -207 196 296 268 281 311 240
929 -215 239 297 269 280 308 238
961 -251 298 298 268 278 303 236
937 -258 345 297 268 279 304 233
941 -262 333 297 268 278 303 234
988 -274 356 296 269 278 304 234
968 -282 364 297 267 276 304 236
953 -274 364 292 264 275 304 235
972 -266 353 291 264 276 305 235
980 -247 309 295 266 275 304 234
961 -200 282 296 267 276 304 236
976 -215 282 294 264 277 304 236
972 -247 321 291 265 277 303 236
953 -235 313 294 266 279 306 238
957 -247 349 293 267 279 306 238
964 -223 356 293 267 278 306 239
972 -235 368 294 266 280 306 237
964 -231 329 297 268 281 305 236
968 -274 337 296 265 279 305 239
968 -254 353 296 266 276 301 233
976 -251 380 295 266 276 301 233
957 -211 392 296 268 279 303 236
968 -207 376 293 265 275 300 232
972 -219 360 294 265 277 304 236
992 -211 329 292 266 277 304 237
949 -215 321 292 264 278 303 237
972 -223 294 294 266 278 306 238
964 -254 333 295 268 280 306 236
961 -251 298 294 268 281 306 237
957 -254 286 295 269 280 303 235
976 -207 313 295 265 276 302 236
984 -223 254 293 266 278 305 239
988 -231 274 292 268 279 306 240
980 -223 282 293 267 280 305 239
984 -211 266 295 269 281 307 241
980 -215 262 293 268 279 306 238
984 -219 278 295 269 281 306 240
980 -247 321 295 270 281 307 240
976 -247 317 295 268 281 307 238
984 -251 305 287 264 274 302 234
984 -243 286 296 269 280 303 235
988 -239 286 295 269 279 303 235
980 -231 258 296 269 280 302 236
976 -215 235 296 266 277 303 235
984 -196 207 293 264 276 303 236
992 -180 203 294 265 278 304 236
988 -184 227 290 265 278 304 236
980 -188 258 298 268 279 303 237
984 -235 266 293 267 279 305 238
988 -254 262 291 266 279 303 237
957 -258 274 293 267 279 305 238
980 -247 266 292 267 278 305 238
980 -223 251 294 266 279 304 239
964 -274 305 289 264 278 302 236
964 -274 321 293 266 278 305 235
976 -266 321 294 266 275 302 237
961 -247 325 294 266 277 304 237
961 -258 337 290 267 277 304 238
976 -258 353 291 265 277 304 236
980 -243 337 291 266 278 304 238
972 -223 325 293 265 279 306 238
976 -196 294 292 267 279 306 240
984 -172 302 292 266 278 306 238
988 -168 298 293 266 276 305 236
984 -215 286 294 265 278 304 237
984 -254 274 290 265 275 302 235
961 -145 302 293 267 279 305 240
980 -141 325 292 268 280 306 240
941 -176 356 292 267 278 306 239
933 -270 380 296 270 280 303 238
941 -266 411 294 269 281 308 241
949 -247 380 293 265 279 304 240
925 -231 364 294 268 280 306 240
984 -239 353 293 267 279 305 240
968 -239 337 296 267 278 301 236
961 -231 305 297 267 276 304 237
945 -251 298 292 266 278 302 238
957 -247 313 293 266 279 305 239
941 -274 341 291 262 273 297 234
941 -294 392 294 265 277 302 238
945 -305 419 291 264 278 304 237
957 -290 404 293 266 279 305 239
10.973366498947144