-447 -125 886 319 286 283 364 307
-486 -137 902 318 284 284 360 301
-498 -160 910 319 286 282 358 301
-506 -137 886 319 283 279 357 301
-509 -125 921 316 282 282 360 306
-521 -188 945 314 282 281 359 305
-494 -180 925 315 283 282 361 307
-478 -168 906 318 286 283 361 302
-443 -168 890 320 285 280 357 304
-427 -152 886 318 285 284 362 307
-419 -164 874 317 286 283 360 304
-415 -109 902 316 289 284 359 311
-411 -145 902 314 287 284 359 315
-388 -105 886 316 286 280 354 309
-404 -125 898 314 287 283 356 307
-427 -137 913 316 288 280 356 309
-415 -145 925 316 288 280 353 308
-411 -176 929 311 286 278 352 304
-423 -137 925 307 282 278 355 307
-427 -156 929 314 286 279 355 309
-427 -145 917 312 284 280 356 310
-411 -133 894 313 284 279 354 309
-388 -121 878 316 289 282 356 309
-400 -109 874 313 286 281 357 310
-415 -113 878 313 284 282 357 313
-466 -70 929 314 288 284 358 311
-466 -82 917 312 285 282 356 313
-443 -98 913 311 285 280 354 311
-431 -109 902 311 285 281 355 311
-407 -129 898 312 287 282 357 311
-404 -133 878 313 287 282 353 308
-407 -133 882 314 285 279 353 308
-415 -129 878 310 284 280 354 309
-411 -105 862 310 284 281 354 311
-407 -101 866 307 281 273 347 301
-400 -113 882 316 288 282 358 312
-384 -109 878 311 282 279 353 309
-380 -101 874 313 284 278 352 308
-380 -78 870 313 285 278 354 308
-435 -66 910 313 287 282 353 308
-443 -74 902 313 287 283 354 308
-435 -27 898 313 287 283 356 308
-451 -54 902 313 286 283 353 308
-458 -35 898 309 284 280 353 310
-486 -23 902 310 284 280 355 312
-498 -39 917 310 285 279 354 311
-482 -125 886 309 284 280 352 311
-474 -74 921 311 286 282 355 315
-474 -98 937 309 285 281 355 312
-458 -98 921 311 285 281 355 312
-451 -98 894 309 281 275 350 306
-451 -109 890 308 280 275 349 307
-419 -94 870 310 284 282 353 311
-427 -101 882 312 285 278 352 310
-411 -90 878 309 283 282 352 311
-431 -98 890 308 283 279 353 312
-439 -109 906 308 283 280 351 312
-427 -98 894 310 283 281 354 312
-423 -109 906 310 284 282 354 314
-447 -105 917 310 285 282 356 311
-447 -94 906 312 286 282 355 311
-443 -94 902 312 286 284 352 310
-427 -98 886 311 284 281 354 315
-415 -101 882 310 283 280 354 311
-400 -101 886 310 286 282 356 314
-411 -105 902 310 286 282 355 314
-404 -98 894 312 286 283 354 309
-419 -82 906 312 286 283 353 310
-419 -82 917 312 286 282 353 308
-427 -78 917 303 280 276 349 309
-423 -94 910 310 285 282 353 309
-419 -90 902 312 285 283 355 311
-411 -109 898 309 283 280 351 310
-419 -86 917 310 283 281 352 313
-415 -90 910 308 284 280 352 313
-396 -98 902 311 284 278 350 309
-392 -105 902 310 282 280 351 310
-396 -101 902 309 284 281 353 313
-400 -90 925 309 284 281 354 313
-400 -90 921 311 284 281 352 314
-407 -78 925 311 286 283 353 313
-392 -101 921 310 283 281 352 311
-404 -90 921 313 285 280 350 311
10.007035255432129