945 -349 341 313 347 333 314 306
945 -349 313 313 348 333 315 305
945 -368 286 312 346 331 312 303
941 -356 266 314 349 334 315 306
949 -329 254 315 349 334 317 309
945 -313 262 312 348 333 314 306
957 -262 372 310 343 329 315 303
961 -294 360 315 348 331 316 300
949 -184 286 313 345 331 318 306
941 -207 294 311 344 328 316 304
976 -223 305 311 343 328 316 303
972 -203 282 310 344 328 317 303
957 -192 313 316 345 328 316 304
961 -196 349 310 345 329 318 305
976 -219 384 312 346 330 319 303
976 -180 376 313 346 330 315 301
957 -149 380 314 343 326 315 303
961 -184 407 314 345 326 315 302
964 -152 364 305 336 323 311 298
941 -125 321 315 345 327 315 302
949 -141 337 311 342 329 314 303
957 105 278 315 349 329 318 301
968 149 211 311 346 326 313 297
976 105 231 312 347 325 313 296
972 90 239 313 346 327 314 297
992 78 254 313 346 327 313 296
976 86 247 314 348 330 317 293
984 74 251 315 348 331 317 296
992 62 254 313 347 330 317 294
980 78 251 316 346 327 313 290
980 207 188 319 344 326 315 291
984 215 168 317 345 329 318 291
961 247 141 319 347 331 317 291
953 254 105 315 345 329 316 295
1004 243 113 314 345 328 316 295
980 231 141 315 344 328 316 293
976 203 188 314 344 328 315 293
976 254 125 315 344 329 316 295
945 266 74 312 342 327 313 293
910 266 90 311 341 322 308 288
913 286 74 312 339 325 311 293
961 262 105 314 341 324 312 294
957 266 109 312 341 326 311 297
910 227 137 310 342 324 311 298
949 239 145 311 340 322 310 297
1000 203 172 315 343 322 309 298
1000 105 211 311 341 321 308 297
964 82 219 310 342 322 309 299
996 74 231 313 342 319 308 298
1000 0 247 319 349 325 310 297
1027 -15 243 317 346 322 311 301
1023 3 235 318 348 324 312 300
996 58 211 318 348 323 310 301
988 54 215 317 346 321 309 300
992 35 231 317 344 322 308 298
1004 19 239 321 348 323 307 299
1004 43 211 320 348 324 306 296
1004 43 231 318 349 325 307 297
992 82 231 316 348 326 312 303
992 66 223 314 346 326 310 301
1015 23 231 312 343 324 309 298
996 3 247 313 344 326 310 297
1000 19 227 315 345 325 310 299
996 39 231 317 344 326 310 297
988 31 247 318 346 325 309 298
980 19 254 317 346 329 310 297
1000 7 254 317 347 330 312 301
1008 -3 251 314 346 327 312 300
996 0 227 313 342 325 308 297
1000 -3 211 317 344 324 307 294
1000 0 219 319 346 324 308 295
988 7 243 317 348 328 308 297
976 23 266 317 346 328 311 297
1004 35 317 317 348 329 312 299
1004 39 290 316 344 328 311 299
992 43 270 315 345 327 311 300
996 19 258 317 346 324 308 294
984 0 254 317 346 329 310 296
1000 -3 262 319 347 329 308 298
996 -7 247 315 347 329 311 295
996 -19 235 317 347 331 315 302
992 -3 219 314 343 327 310 299
10.893828630447388