961 -54 313 332 378 387 380 331
961 -43 309 333 379 390 381 331
972 -31 321 336 381 391 382 331
976 -3 325 339 380 389 381 331
964 -3 345 341 382 388 382 328
988 -3 333 336 379 391 380 329
964 -3 353 341 382 388 382 328
961 -3 368 341 384 389 380 328
953 19 388 340 383 393 385 334
961 3 407 334 378 383 372 321
957 3 392 340 382 391 380 330
980 -3 380 339 384 394 382 326
972 -15 384 338 382 393 385 331
964 -90 439 337 383 393 384 329
968 -7 376 337 383 394 385 332
953 35 325 333 378 389 379 327
980 82 282 339 386 397 384 328
957 19 305 335 382 389 382 329
949 11 313 335 380 390 381 327
961 35 286 337 380 388 380 326
972 74 290 339 382 389 378 324
961 82 337 338 384 393 383 328
921 -66 404 336 382 393 382 329
964 -27 360 337 382 392 384 334
921 47 380 335 379 390 382 332
937 62 407 332 380 390 379 330
941 117 404 335 376 387 379 329
941 78 431 337 380 387 380 330
968 31 435 338 384 395 386 334
992 31 78 341 382 389 379 329
1004 -3 39 336 383 392 383 334
1004 31 7 336 383 389 378 327
996 0 58 333 380 390 382 333
1004 -54 152 334 377 387 379 330
1008 -66 223 332 379 387 381 330
996 -47 251 332 377 389 380 331
1000 -78 278 336 381 387 378 330
1000 -121 286 334 378 387 380 330
976 -184 278 332 379 387 380 332
1000 -149 270 334 377 386 378 331
984 -129 294 331 379 388 380 331
1019 -15 251 337 381 388 378 332
1004 35 219 336 382 387 375 329
1004 47 200 329 374 381 375 325
980 -23 239 336 384 390 380 327
1012 -113 270 336 380 386 379 331
1015 -70 317 330 378 387 378 331
992 -19 290 333 380 389 380 333
1008 -27 282 335 380 385 378 329
1000 -58 278 337 382 388 378 330
980 -43 243 335 382 392 384 333
988 -35 294 334 381 390 383 331
996 -23 298 331 378 387 379 331
996 -7 258 334 379 388 379 332
992 -27 266 336 381 391 380 331
1008 -43 270 335 383 391 380 330
976 -54 302 332 378 388 380 333
980 -66 302 336 380 390 382 336
964 -78 345 335 382 388 376 330
980 -90 376 336 381 390 380 329
976 -113 356 335 381 390 382 336
968 -113 341 330 375 387 378 330
984 -117 333 330 376 386 379 330
972 -90 321 335 378 391 383 336
968 -113 309 335 377 385 376 330
957 -54 302 333 376 388 376 331
972 -19 349 333 376 386 378 332
992 -35 392 336 381 388 377 329
980 -66 384 336 381 389 377 327
964 -90 353 334 380 390 382 332
980 -74 321 336 380 391 380 330
972 -47 305 335 380 390 381 331
976 -98 333 333 378 389 380 332
992 -101 325 332 377 387 380 333
984 -47 290 335 380 390 382 337
988 -54 286 333 379 387 379 333
988 -58 298 331 376 386 379 332
984 -54 305 335 378 384 376 327
988 -94 294 337 382 393 380 331
984 -94 294 335 380 390 380 329
984 -109 305 335 380 390 379 329
992 -129 321 336 381 388 379 328
980 -109 302 337 380 386 376 328
996 -101 294 335 376 387 378 330
984 -117 298 335 380 389 383 336
980 -101 282 335 379 389 382 336
992 -70 294 335 379 389 381 330
996 -74 270 335 378 383 379 329
984 -129 254 336 381 386 376 329
992 -160 266 336 380 384 379 330
992 -160 290 336 379 384 376 327
992 -117 294 337 378 385 377 331
1000 -74 274 334 376 385 377 330
1000 -62 243 341 382 388 380 333
996 -74 235 328 371 378 374 324
996 -125 251 332 375 383 373 326
996 -156 251 332 377 386 379 331
992 -152 254 332 375 386 377 330
988 -145 270 331 377 387 378 331
992 -133 294 333 378 385 379 332
1000 -90 302 332 378 388 380 333
1000 -19 274 334 378 387 380 333
996 -15 258 331 376 387 377 330
1000 -27 243 331 376 384 379 328
992 -105 251 341 383 389 381 334
996 -125 254 332 376 384 378 329
1000 -117 254 333 378 387 380 332
992 -145 282 330 372 381 376 327
996 -86 211 337 382 389 383 331
996 -86 231 333 377 386 379 331
1004 -62 254 332 376 386 378 332
1004 -54 274 332 373 381 374 326
1008 -54 270 329 373 383 376 329
996 -62 254 334 378 387 381 332
1004 -78 243 333 376 386 378 330
996 -78 231 332 376 385 378 330
996 -94 239 331 376 386 378 331
10.027482986450195