1000 200 15 269 342 380 362 338
1000 203 11 270 345 378 362 336
984 184 3 270 348 382 363 334
1004 227 -3 263 339 376 358 334
1004 192 -3 267 346 379 365 339
964 192 -27 268 345 380 363 339
976 172 -23 266 344 378 363 339
996 172 -31 266 345 379 364 338
1004 164 -43 266 345 379 363 339
972 156 -35 268 344 381 364 340
988 156 -43 267 344 381 362 338
988 164 -54 269 345 380 365 339
996 164 -58 269 346 382 366 342
1000 176 -62 269 346 380 364 339
976 176 -58 269 346 382 365 339
996 227 -23 270 342 380 363 338
1027 207 0 268 344 378 360 333
1015 133 50 271 344 377 363 336
964 105 58 270 343 379 365 340
996 50 66 267 342 378 363 336
992 3 90 272 347 381 365 336
980 50 62 270 342 381 364 340
984 156 54 270 344 377 362 337
992 207 78 271 347 386 369 342
1004 200 121 269 342 381 363 339
996 145 82 265 338 372 356 332
1004 74 27 271 343 377 363 336
1000 3 -15 272 347 384 365 338
980 -3 -66 270 346 382 367 340
972 168 58 268 344 380 366 341
996 152 98 267 343 380 364 339
996 188 117 267 343 380 362 338
996 129 305 268 344 379 363 340
964 149 164 269 345 380 364 340
988 113 203 268 345 380 366 340
984 86 207 269 344 381 366 341
984 129 180 269 343 380 365 340
1000 137 200 267 344 380 363 339
984 133 207 268 344 379 364 340
984 86 262 270 343 379 365 341
992 82 274 266 337 375 359 337
1004 101 239 269 338 375 359 336
992 94 270 273 345 379 363 336
984 70 282 275 346 378 362 338
988 78 278 272 342 378 364 342
1000 62 200 273 343 380 365 342
1004 43 180 272 343 380 365 340
1004 23 196 275 345 379 362 338
992 23 215 273 343 381 364 337
996 27 219 274 344 380 364 338
992 47 227 271 341 379 364 340
1004 78 223 272 341 377 364 340
1000 74 223 269 341 378 363 339
1012 160 188 274 343 379 364 336
10.900884628295898