1012 11 35 318 269 276 296 349
1012 15 15 317 268 275 294 345
1008 7 19 316 268 275 293 345
1015 0 39 319 267 273 292 342
1008 70 39 319 270 277 293 341
1004 105 109 316 269 277 295 347
1086 121 121 318 270 278 296 349
1027 172 94 318 270 277 295 343
988 113 133 313 264 272 291 343
1004 121 109 319 268 274 293 343
1000 117 133 315 267 275 294 344
1004 82 152 315 267 275 291 344
988 90 145 315 267 275 293 343
1012 70 156 315 267 274 291 343
1008 66 156 315 267 275 291 344
996 47 156 314 267 274 292 343
1008 47 160 315 265 275 293 342
1023 39 156 314 266 274 292 344
1012 43 149 317 266 275 292 342
996 15 149 316 267 276 292 344
1008 23 152 311 264 272 291 342
1004 27 172 317 267 275 294 345
1004 54 156 317 269 275 294 344
988 74 113 318 267 276 293 346
1008 62 109 316 267 276 294 345
1035 11 211 316 268 274 293 344
1047 15 223 317 267 275 293 345
961 203 58 318 269 277 295 347
957 219 15 318 269 276 296 348
988 149 78 314 264 269 290 338
980 168 47 319 270 279 297 347
1015 82 62 317 268 276 295 345
1000 109 39 317 266 275 293 343
1000 74 121 318 268 277 295 345
1019 50 137 315 268 275 294 346
1004 74 184 317 267 275 293 345
996 168 133 321 268 275 294 344
988 180 184 319 270 276 290 341
964 180 207 316 267 274 290 340
972 203 215 316 266 275 291 341
1019 117 247 318 267 276 295 346
1090 -184 3 316 268 277 298 346
972 -113 -11 313 267 274 294 344
906 -160 117 314 265 273 293 341
1157 -7 109 313 265 275 293 340
957 -70 203 316 266 272 294 339
1043 -149 258 318 270 274 294 343
945 -66 43 313 268 274 292 335
1008 -70 145 315 270 277 297 344
1023 -82 145 313 267 276 294 340
992 -86 141 313 268 274 296 340
1023 -109 152 315 269 277 297 340
1019 -113 149 317 268 274 293 339
1004 -113 149 312 267 275 294 341
1004 -90 149 315 268 276 296 341
1019 -86 184 314 267 276 296 340
1035 -90 180 312 267 274 295 340
1015 -109 172 312 266 274 294 340
976 -90 145 312 268 276 296 342
1027 -98 129 313 268 276 296 341
992 -98 156 314 269 277 297 341
1008 -98 196 316 268 277 297 342
1019 -78 145 312 267 273 295 340
1000 -90 137 311 265 275 295 338
1015 -90 129 315 267 274 294 339
1015 -98 121 313 265 271 292 336
1000 -109 172 312 267 275 294 334
1012 -98 188 318 270 275 295 339
1004 -101 215 315 270 276 294 335
1012 -86 192 316 270 276 293 337
1015 -90 164 316 269 273 293 336
1008 -94 141 317 272 277 296 337
1008 -70 149 319 270 275 294 340
1008 -70 184 314 267 275 297 340
1008 -82 200 312 267 274 296 340
1015 -86 188 314 268 275 296 340
1008 -113 176 316 269 276 299 345
1008 -117 156 314 269 276 298 340
1019 -82 160 312 267 275 294 337
1008 -78 188 314 265 271 291 335
1004 -109 164 317 267 273 294 338
1012 -125 192 317 270 275 293 339
1035 -105 168 313 267 275 295 340
1000 -82 141 316 268 273 296 337
1012 -66 133 316 270 276 296 334
1004 -105 164 315 268 276 297 342
1015 -113 180 314 269 276 298 341
1015 -101 211 315 269 277 298 343
1004 -94 184 315 270 277 296 336
1012 -94 164 315 270 277 298 342
1000 -78 117 315 267 272 294 336
1004 -70 137 316 267 272 294 337
1027 -66 137 316 268 276 296 340
1008 -133 98 314 268 275 296 338
10.320173025131226