470 788 317 318 326 379 388 336
498 749 298 315 324 375 386 333
486 749 270 318 326 379 386 330
478 764 258 318 326 379 385 330
466 780 282 316 324 378 388 334
478 796 302 319 325 380 388 337
478 792 329 317 325 378 387 337
478 757 305 318 325 379 388 336
498 753 270 316 324 378 388 336
466 768 258 317 323 377 387 334
474 788 274 316 323 376 386 334
470 800 286 316 320 374 384 331
470 768 305 318 323 375 383 328
494 753 298 320 325 374 385 330
509 749 258 319 326 379 384 331
478 753 258 320 326 375 382 331
474 764 270 318 329 377 384 329
494 804 290 319 331 377 384 330
447 776 321 318 332 380 386 329
478 764 305 318 335 379 386 330
490 737 270 316 334 374 381 327
478 776 251 315 336 375 383 326
443 792 298 317 335 373 384 331
470 788 302 319 339 374 384 331
486 772 286 318 338 376 385 330
478 760 262 317 337 375 383 332
490 753 254 319 340 377 382 329
466 760 239 319 340 377 383 330
466 788 262 317 341 378 386 331
482 784 278 318 341 378 386 329
466 768 302 321 344 381 390 335
490 772 266 317 339 378 387 333
486 772 254 316 338 377 387 335
455 784 270 317 339 378 387 337
462 808 278 315 338 377 387 335
455 788 313 318 339 379 389 337
474 757 313 317 338 379 386 334
478 753 282 316 339 377 388 336
486 749 239 316 336 376 386 333
466 784 247 315 337 375 385 332
462 804 262 315 338 377 385 333
462 792 313 319 340 381 389 334
486 768 313 318 339 378 385 330
494 753 290 318 339 378 384 329
474 796 239 319 336 375 384 331
486 788 227 320 339 377 383 331
506 745 251 318 336 379 389 333
525 753 231 314 331 374 384 332
498 753 227 314 334 374 383 332
490 760 227 314 331 375 383 332
498 780 247 314 332 374 384 330
502 808 239 316 332 373 383 331
486 804 251 313 331 374 384 331
490 796 251 316 333 370 382 330
498 796 239 316 335 377 385 335
506 776 219 311 328 371 380 329
604 710 188 315 335 374 386 331
596 717 176 318 333 375 383 333
604 678 188 318 332 373 384 331
619 682 188 317 335 372 384 330
608 710 168 318 339 381 388 333
608 721 156 318 335 378 385 331
576 737 168 315 333 375 384 334
580 749 152 316 333 374 385 333
584 745 152 313 331 373 384 331
494 737 180 317 340 377 385 333
470 772 125 317 342 377 387 337
490 757 141 317 345 377 388 336
462 796 145 316 344 373 383 334
458 804 180 316 344 374 385 333
470 827 196 315 344 374 384 333
447 839 184 316 344 370 381 328
384 831 353 320 349 376 382 330
415 815 254 320 347 371 381 328
415 815 243 320 346 371 381 330
451 796 239 320 347 373 380 329
482 796 192 318 347 375 387 336
478 741 192 318 347 376 388 337
376 788 239 315 345 372 384 331
376 788 290 314 344 373 382 329
364 831 309 316 344 371 382 330
349 839 341 316 345 372 382 332
321 796 388 317 344 374 384 332
364 768 392 318 343 375 384 332
384 823 360 318 343 371 380 328
10.017615795135498