910 247 376 299 272 375 368 324
898 251 376 297 272 378 372 325
929 266 313 301 275 379 372 325
894 286 262 300 274 379 376 328
976 298 192 300 275 382 377 334
996 305 223 298 274 380 375 331
961 215 266 298 274 381 376 334
1012 160 286 297 273 382 375 333
1082 152 298 296 273 381 375 331
1090 176 325 298 275 382 375 326
1035 192 360 300 276 380 372 327
968 137 396 299 274 380 371 327
980 27 404 297 271 378 374 327
811 -3 443 300 273 379 372 328
800 -58 498 298 274 382 374 326
792 -176 604 298 274 382 377 334
717 -180 596 296 270 379 374 330
784 -133 564 294 272 380 375 331
859 -137 545 297 274 382 375 328
866 -86 521 299 274 382 371 325
874 3 482 299 274 379 371 325
929 90 443 297 273 383 375 332
945 121 411 297 273 382 375 332
866 184 356 298 274 383 375 330
913 235 309 297 273 382 376 333
945 235 266 298 275 382 376 332
925 258 219 298 274 382 374 328
851 447 50 297 272 381 374 329
855 443 31 295 272 378 374 328
843 443 19 295 271 379 372 329
859 407 86 299 272 377 372 327
866 392 90 299 274 379 369 326
870 313 203 296 269 378 371 327
886 270 392 296 270 377 371 326
890 164 470 300 274 380 370 327
910 98 592 295 270 378 371 327
1035 -176 1521 299 273 377 369 323
859 19 776 295 271 377 367 324
894 -50 757 296 272 379 372 327
851 15 698 299 272 377 371 326
811 43 678 299 274 379 369 325
831 101 615 296 271 379 371 327
827 164 545 295 272 377 372 327
796 207 509 295 269 378 372 327
831 258 439 300 276 382 376 327
827 325 388 294 271 375 371 327
929 337 384 298 274 382 374 327
902 411 392 300 273 377 373 327
886 345 470 300 274 378 370 327
823 325 474 299 274 378 370 327
843 286 490 300 274 377 369 326
839 247 502 298 275 380 373 325
831 219 482 295 272 378 371 323
855 215 478 293 270 377 371 327
862 188 509 299 275 380 370 326
862 243 509 298 275 380 374 326
847 286 502 299 274 381 373 326
890 349 462 299 275 381 377 333
894 329 423 299 274 381 376 334
862 333 360 299 274 380 373 327
917 305 317 296 274 378 374 329
957 290 294 297 273 380 373 330
1004 396 251 301 277 378 371 327
1008 235 156 294 271 375 370 328
1008 211 141 299 275 379 371 326
1004 176 168 299 275 378 372 325
1012 121 219 299 274 376 369 326
937 121 262 297 273 375 371 327
882 117 333 296 272 377 370 327
988 -50 309 300 274 377 367 325
964 -207 372 298 275 379 372 326
929 -160 384 301 279 379 372 327
851 -74 533 300 272 375 367 324
866 -109 545 299 276 379 376 329
843 -164 553 298 275 379 374 326
847 -231 537 300 273 376 369 327
913 -286 494 300 274 375 371 326
937 -270 435 295 271 378 370 328
961 -219 380 294 271 375 372 327
937 -86 325 295 272 376 371 327
917 58 254 297 272 378 371 329
906 156 243 296 272 377 370 327
886 329 117 297 273 378 373 329
906 419 -19 290 268 371 366 324
890 474 -54 295 272 376 372 327
874 447 0 294 271 375 371 327
882 376 66 300 275 374 371 328
902 329 98 299 274 381 371 326
925 270 145 298 275 378 374 333
929 203 258 296 274 377 373 329
953 203 325 297 273 376 372 329
898 196 90 298 274 377 374 331
917 129 455 296 273 376 371 328
941 164 490 294 271 376 371 327
906 90 659 298 272 376 373 327
910 -31 768 301 274 374 370 325
953 -39 764 300 276 379 370 324
882 -39 745 298 275 379 375 331
866 -47 717 298 275 378 374 331
882 -7 643 294 271 375 371 325
851 50 592 299 274 374 370 327
815 109 513 298 275 379 372 327
847 164 462 297 274 377 373 328
815 231 404 298 275 378 376 332
847 -125 455 297 273 376 370 328
902 -98 588 297 273 377 371 327
886 -19 568 301 275 376 369 325
870 19 506 300 275 376 370 325
886 78 494 299 276 377 375 332
878 133 474 297 275 377 374 330
913 235 360 296 274 374 372 327
913 294 298 296 273 376 370 326
929 294 239 297 275 377 373 329
941 309 239 298 273 376 372 328
929 356 227 298 272 376 372 329
827 400 152 297 274 374 371 327
917 290 266 296 273 375 370 326
917 207 282 297 274 375 372 329
921 149 305 298 274 377 374 329
961 152 345 299 272 373 369 325
1008 192 392 297 274 374 368 321
988 274 415 300 277 380 371 325
1039 317 305 299 273 375 371 327
1019 305 278 297 271 372 369 325
996 274 270 297 273 376 370 327
984 254 262 297 273 376 369 326
964 200 274 296 273 375 371 327
941 152 274 296 274 375 372 327
902 98 313 296 274 374 367 321
906 15 360 294 273 374 369 322
886 -31 396 300 275 379 372 324
882 -74 431 300 277 377 371 323
870 -145 498 300 276 377 371 324
855 -149 576 296 275 377 373 328
847 -176 584 298 274 377 374 330
906 -192 549 297 275 377 373 329
902 -137 486 295 270 373 367 325
886 168 447 298 276 378 373 330
882 223 400 299 276 378 376 332
859 254 380 298 277 377 374 325
878 270 353 298 275 378 372 328
862 258 337 299 275 378 373 326
894 262 294 293 269 372 367 324
10.016181945800781