984 203 3 277 402 373 384 341
992 196 0 277 407 370 388 343
988 184 0 278 405 372 388 341
980 196 -3 281 409 374 387 339
992 203 -15 279 411 372 385 340
996 184 -7 280 409 376 388 340
976 196 7 280 408 377 389 339
988 192 15 276 405 375 389 345
976 215 7 279 405 370 382 344
988 203 19 279 404 373 387 345
972 223 15 277 405 367 385 339
1000 243 -7 278 402 373 384 342
953 227 -3 280 403 373 384 342
988 192 7 280 402 369 387 344
976 188 0 282 403 367 387 338
996 176 66 276 398 366 384 339
996 172 66 282 398 367 383 340
996 172 82 282 404 368 389 345
992 172 86 279 401 368 385 343
980 188 66 279 399 366 384 341
992 196 62 279 399 365 385 338
988 203 58 283 400 366 384 340
984 200 62 282 404 370 384 340
984 200 66 282 404 366 385 336
984 207 58 281 401 368 388 344
992 196 58 279 401 367 385 341
992 184 58 280 399 370 383 337
984 196 27 281 402 363 385 338
988 211 19 283 401 364 383 337
980 207 23 283 403 367 382 337
992 203 39 282 402 369 383 337
984 203 31 281 400 368 385 341
980 219 27 279 399 366 383 339
976 215 7 283 404 364 383 336
988 219 11 282 402 369 384 337
980 215 3 279 401 368 386 342
976 207 3 279 400 363 384 340
988 196 -3 280 402 368 387 341
984 211 7 279 401 366 385 342
984 211 3 273 390 360 377 337
988 200 7 281 400 363 382 339
988 192 7 281 403 367 381 337
992 196 15 281 402 368 386 341
1004 184 35 281 399 363 384 337
992 180 39 278 396 362 382 339
976 203 23 283 404 369 386 337
980 219 19 280 402 367 385 335
1004 160 19 279 401 370 385 344
988 152 19 281 401 368 387 339
992 168 3 282 399 365 386 339
988 149 0 280 402 364 387 344
996 141 0 277 401 365 384 339
988 152 -23 278 397 364 384 340
1000 109 7 281 401 367 386 339
1012 54 -7 281 397 365 384 340
1000 54 -3 283 401 363 384 339
1008 11 7 282 402 365 382 338
1004 7 11 280 400 365 384 342
1015 3 35 280 398 366 383 340
1012 3 50 285 400 366 383 337
1019 31 90 277 395 362 384 337
1015 47 113 279 400 365 387 339
1015 54 133 280 400 364 384 339
1012 74 105 281 400 364 384 340
1015 70 90 279 402 361 384 337
1015 39 98 283 401 364 382 338
1008 54 78 282 400 368 386 341
1008 47 90 282 400 366 387 340
1015 54 94 281 400 365 386 341
1015 47 101 285 400 364 383 338
1015 50 98 283 403 367 380 336
988 192 145 280 396 363 385 338
1004 160 176 280 394 358 381 333
980 215 149 282 397 362 378 335
984 200 141 283 396 365 382 336
984 168 113 282 397 364 382 339
996 -15 203 287 396 361 385 342
1015 -43 207 290 397 361 385 339
890 376 47 291 400 363 391 345
906 353 50 290 396 364 385 341
937 298 47 287 399 362 382 337
941 266 39 291 397 361 382 338
957 254 43 286 393 359 381 338
961 223 39 293 403 365 382 339
961 266 19 289 401 364 389 343
10.021068572998047