1074 -345 254 320 297 303 311 318
984 -388 231 310 288 289 297 299
972 -337 231 314 292 297 305 306
1004 -317 219 314 290 294 301 302
1000 -333 251 312 289 292 299 304
1000 -329 247 311 291 292 304 305
1000 -345 247 313 293 290 302 303
972 -349 243 313 290 294 302 306
1008 -396 290 312 294 293 300 303
1090 -431 345 310 289 291 301 303
996 -321 274 310 291 293 303 306
976 -302 258 311 289 293 303 306
957 -282 247 311 293 295 305 305
941 -278 207 306 291 291 302 302
937 -305 188 308 290 289 298 300
957 -333 196 313 291 296 302 303
968 -345 203 314 290 293 296 303
972 -360 235 312 291 291 301 303
968 -376 258 312 289 293 301 303
949 -380 243 316 295 293 302 302
953 -364 180 313 294 294 301 302
953 -356 149 314 294 292 302 303
941 -325 90 311 291 294 301 305
929 -313 98 313 292 290 300 302
933 -317 90 313 292 292 301 301
925 -353 109 313 289 293 301 303
953 -419 125 310 289 295 299 304
972 -400 86 309 288 292 299 303
988 -353 39 310 292 291 302 305
984 -388 70 311 292 293 303 305
961 -392 105 314 291 296 302 302
937 -364 86 313 293 297 303 303
1012 -282 109 317 297 296 306 310
996 -278 105 320 295 294 301 307
996 -282 94 317 296 293 300 304
1000 -286 86 318 297 294 301 304
992 -266 50 318 294 292 302 304
996 -278 66 317 293 294 303 305
988 -298 78 314 290 292 302 306
984 -364 50 315 293 293 301 305
996 -290 -35 319 295 292 301 303
1008 -278 -50 315 297 292 303 306
1031 -290 31 316 297 292 302 306
1055 -286 113 314 294 292 301 305
1008 -270 133 317 295 295 302 307
953 -270 145 316 296 295 303 308
933 -325 125 319 300 295 301 303
937 -313 70 318 297 296 302 304
953 -298 43 315 297 293 303 305
1066 -227 86 318 298 296 302 302
890 -196 101 319 299 293 300 305
1082 -266 109 318 297 292 303 304
984 -258 98 315 297 291 302 305
1015 -270 94 318 291 293 300 305
1012 -258 66 316 295 294 302 305
1019 -188 35 320 299 297 307 310
1023 -160 101 320 298 294 307 307
1039 -168 125 321 299 296 303 302
1008 -133 66 318 295 293 303 305
1019 -137 39 317 296 293 302 305
1000 -239 0 319 293 293 304 304
1004 -243 -35 321 294 293 302 303
1012 -254 15 318 296 293 301 300
1012 -247 82 319 298 295 306 306
1019 -219 50 317 296 292 304 306
1008 -227 15 317 297 293 304 304
1000 -243 -35 319 295 296 304 305
996 -270 -58 319 298 296 305 307
1094 -227 31 316 297 295 305 307
1019 -231 3 316 296 296 304 307
976 -258 0 311 293 291 301 304
1012 -251 -58 315 293 295 302 305
1008 -266 -66 312 293 292 301 303
992 -247 -70 317 300 296 305 303
1015 -235 -35 317 297 294 304 304
1004 -235 -27 314 297 294 303 305
996 -270 -43 317 294 292 302 302
996 -286 -54 314 295 294 301 299
996 -305 -62 315 296 291 299 301
992 -313 -58 315 296 294 303 304
1000 -313 -54 313 295 294 304 302
984 -313 -47 315 297 294 306 305
988 -305 -31 312 297 293 304 304
1004 -305 -39 317 300 296 306 307
996 -290 -47 316 298 294 306 305
984 -278 -35 314 296 294 302 305
996 -270 -43 315 297 295 305 305
1008 -274 -39 313 295 294 302 303
1000 -251 -50 316 296 295 304 308
1000 -270 -82 318 299 296 302 306
996 -274 -70 314 295 293 301 303
996 -278 -78 314 297 295 304 305
1004 -266 -78 317 299 297 303 302
992 -262 -82 315 295 294 301 303
996 -262 -62 313 294 292 304 304
1000 -270 -66 313 296 295 303 305
1196 -309 -145 312 297 294 303 304
1031 -266 -82 314 298 296 306 309
961 -223 -43 315 298 298 307 312
1031 -247 -74 316 299 298 309 311
1012 -270 -62 306 293 289 301 302
1000 -270 -82 316 297 297 306 309
10.644331693649292