1023 -305 262 313 357 310 309 310
1012 -278 172 307 345 301 296 295
1035 -302 149 311 354 305 304 302
1039 -294 145 313 354 303 301 298
988 -290 196 328 356 297 304 304
984 -282 196 329 356 298 304 307
988 -294 215 327 356 297 304 305
984 -294 203 322 352 295 298 300
984 -309 200 325 352 297 299 301
980 -313 196 327 353 293 299 298
984 -317 180 326 355 295 301 301
980 -309 196 326 355 296 302 303
992 -305 188 329 358 298 300 298
992 -298 172 327 355 297 303 301
992 -298 168 329 355 297 299 298
984 -298 176 330 354 294 298 300
988 -305 180 326 353 295 300 300
988 -294 188 324 353 294 300 302
988 -290 180 325 354 294 301 301
988 -294 172 326 353 296 301 302
984 -321 192 332 355 295 298 298
980 -309 180 327 358 296 300 298
992 -329 192 327 353 293 298 299
980 -309 176 326 349 293 299 300
984 -309 176 326 355 296 302 303
988 -302 176 323 354 294 299 295
988 -294 180 328 354 294 300 300
992 -290 176 327 355 298 303 306
992 -286 188 325 356 297 303 305
988 -286 188 327 354 298 302 304
988 -294 188 325 353 296 302 301
980 -298 184 325 351 294 301 298
984 -302 188 325 352 295 299 299
984 -294 207 326 353 295 299 299
976 -290 188 321 351 291 295 296
988 -286 192 323 353 294 303 301
984 -286 203 321 350 295 299 301
984 -302 188 326 353 293 300 298
988 -302 188 325 352 293 299 298
984 -298 180 322 351 294 300 300
984 -290 188 324 351 294 300 302
992 -294 188 323 352 294 303 301
988 -302 196 322 354 295 302 300
984 -305 192 325 354 298 304 303
984 -305 200 325 355 297 303 303
976 -302 184 331 358 297 299 302
988 -305 200 326 352 294 299 296
10.879924058914185