254 -278 949 291 291 297 298 301
254 -282 953 293 292 298 299 302
258 -266 968 292 292 298 299 300
258 -274 972 294 291 295 299 303
251 -278 957 292 288 297 300 303
258 -286 961 293 290 300 302 307
258 -294 957 291 291 299 301 307
262 -270 949 287 285 293 295 300
266 -278 961 292 289 297 297 299
254 -278 961 291 290 298 300 304
258 -266 957 289 290 298 300 304
251 -270 968 292 290 299 301 306
251 -274 972 293 290 300 302 305
251 -290 980 292 292 300 303 312
254 -298 961 291 292 299 302 309
258 -302 961 291 292 299 303 308
258 -298 957 291 290 298 301 306
262 -305 957 292 290 301 302 309
262 -278 953 292 291 301 304 310
258 -274 949 293 292 301 300 304
262 -266 957 287 286 295 297 303
258 -270 968 285 284 294 296 304
254 -282 964 292 292 300 303 310
254 -298 957 291 291 297 298 303
251 -302 968 293 288 297 297 305
254 -298 972 292 288 297 301 303
254 -298 961 290 291 297 301 304
251 -278 961 290 290 297 299 305
247 -278 968 290 290 298 300 305
251 -290 972 289 292 298 302 305
251 -282 968 289 291 299 302 307
251 -286 953 290 292 297 301 305
251 -286 953 292 293 298 300 302
254 -282 957 293 290 296 299 303
251 -278 953 287 290 296 301 303
243 -286 961 292 290 298 301 305
231 -282 976 292 292 300 302 309
231 -313 984 288 287 293 297 302
235 -329 972 288 288 297 298 305
239 -345 964 290 292 299 302 307
254 -349 945 292 293 301 301 305
258 -345 929 293 292 300 299 303
254 -337 925 293 293 297 299 303
254 -313 937 289 289 295 298 305
247 -298 949 292 289 299 300 307
231 -270 980 292 288 300 299 306
215 -266 1004 288 291 298 300 304
227 -286 992 290 292 298 302 308
243 -298 961 292 292 301 302 310
251 -309 929 289 290 297 301 305
251 -302 949 291 290 298 301 306
247 -298 961 290 289 300 301 309
239 -290 976 290 291 299 302 307
243 -290 968 289 290 297 300 305
243 -298 964 292 289 299 301 306
251 -302 945 292 290 300 301 308
251 -302 949 291 292 298 301 308
243 -309 961 288 288 298 298 304
231 -302 964 288 283 294 296 299
243 -317 953 293 293 300 301 302
239 -313 957 292 293 300 300 302
239 -321 964 293 293 296 298 302
235 -309 964 294 289 297 299 305
235 -305 964 291 292 300 303 305
231 -313 961 294 295 298 299 304
227 -309 972 294 293 298 299 303
231 -305 964 293 291 296 299 303
227 -313 972 291 288 297 299 304
231 -321 964 289 290 297 301 304
227 -305 968 293 289 298 296 302
235 -309 961 289 289 297 297 299
235 -298 964 295 292 299 300 307
239 -302 961 290 290 299 299 306
243 -305 961 291 288 298 300 306
247 -302 949 292 290 299 302 304
235 -313 953 293 291 299 303 304
235 -305 968 294 292 301 301 306
227 -309 980 292 292 301 303 306
254 -278 949 291 292 300 304 308
251 -274 949 290 290 300 302 308
254 -282 957 290 291 300 302 306
254 -278 941 293 292 301 301 305
251 -278 964 293 293 301 304 309
251 -274 961 291 292 300 303 306
258 -298 961 294 292 299 299 303
258 -298 941 293 294 297 299 304
254 -294 933 291 290 296 299 303
251 -286 949 288 290 297 300 304
247 -282 961 294 292 297 298 304
243 -286 972 291 290 296 299 304
235 -290 972 288 287 295 296 303
243 -302 961 288 289 297 301 303
243 -298 957 290 287 294 297 302
247 -309 964 289 289 298 300 305
247 -298 953 290 290 298 300 306
239 -298 964 292 294 301 306 309
235 -286 961 293 294 301 302 303
231 -290 968 293 294 300 299 303
231 -302 964 293 291 297 298 304
223 -298 976 288 291 299 300 306
219 -298 972 292 290 301 302 307
215 -298 976 290 290 298 300 305
215 -290 968 291 293 299 302 303
215 -298 968 293 292 298 299 303
211 -294 972 293 289 296 298 303
215 -290 984 288 288 295 298 304
223 -290 992 289 287 293 294 301
219 -298 961 293 293 300 301 302
211 -302 949 293 294 300 300 303
207 -302 964 294 292 298 299 303
211 -302 976 293 293 298 299 303
207 -294 988 293 290 297 300 302
200 -298 988 290 289 298 300 304
211 -302 976 291 292 301 303 308
223 -302 964 291 292 299 302 306
231 -302 957 288 291 295 300 305
251 -290 937 286 289 296 298 303
247 -290 941 292 291 298 298 299
239 -298 964 287 286 295 297 303
239 -298 972 290 292 298 301 306
239 -298 972 288 290 297 300 305
247 -298 945 289 292 299 302 306
251 -305 945 292 291 300 302 308
247 -305 957 291 291 300 302 307
235 -298 964 293 293 301 302 311
235 -298 964 292 292 300 302 308
235 -305 968 292 293 302 304 313
235 -309 964 289 292 297 302 305
235 -313 968 290 290 297 298 300
235 -298 976 289 287 296 298 303
243 -290 972 290 292 299 302 306
247 -286 953 290 292 298 303 307
251 -290 941 291 291 299 303 307
247 -305 953 291 291 300 302 308
243 -305 953 294 294 303 304 307
235 -305 980 293 293 301 303 303
223 -305 976 293 294 301 302 304
235 -294 984 293 296 299 300 304
239 -298 976 291 293 301 303 306
243 -286 949 287 287 295 298 301
247 -294 941 288 288 296 299 302
251 -302 941 288 287 297 298 304
247 -309 941 291 291 299 302 308
247 -317 961 290 291 299 302 305
243 -294 972 290 293 300 302 307
235 -298 984 292 291 299 302 306
227 -290 988 290 289 299 299 304
231 -294 972 289 289 299 299 306
247 -302 957 296 291 298 301 302
247 -305 933 289 292 298 302 305
254 -298 921 287 287 294 298 300
10.034859418869019