925 -521 333 315 287 370 298 273
925 -494 321 312 286 365 295 271
921 -462 294 309 284 365 295 270
913 -447 282 313 286 368 297 274
886 -451 294 309 284 366 296 270
866 -458 298 313 285 363 295 274
847 -474 294 311 285 368 297 274
855 -486 282 312 287 367 298 275
859 -486 294 311 285 368 297 273
870 -502 305 312 287 366 297 275
894 -509 321 310 286 363 296 273
906 -549 368 315 287 369 298 273
894 -525 349 310 285 363 294 270
898 -517 325 314 288 368 299 273
890 -498 305 314 288 368 299 275
906 -470 282 313 287 366 298 271
917 -462 258 314 289 366 296 271
917 -458 258 314 288 363 294 273
910 -443 258 312 286 365 291 270
890 -447 278 314 289 361 296 268
866 -435 282 314 286 364 294 269
878 -466 294 313 284 363 295 274
882 -521 282 311 285 363 296 276
874 -533 313 309 286 361 296 274
878 -545 317 313 284 364 296 276
870 -549 309 310 286 365 295 276
882 -572 298 312 287 366 296 271
878 -568 302 311 288 367 296 274
862 -560 305 314 289 367 297 276
851 -564 313 313 290 365 295 273
839 -533 302 315 286 366 294 272
874 -529 321 309 288 365 296 275
882 -525 223 308 284 363 294 275
937 -502 251 307 283 361 291 272
890 -553 82 311 288 365 295 277
1063 -529 105 312 289 363 293 276
1066 -517 219 310 286 364 295 271
949 -462 152 314 287 366 293 278
953 -494 176 311 287 361 295 271
941 -486 168 308 286 365 293 274
949 -502 141 308 287 361 294 272
937 -517 149 308 286 363 294 271
921 -541 164 310 287 364 296 269
874 -549 160 309 285 365 296 269
862 -545 156 310 288 364 296 270
1023 -404 349 310 285 360 294 267
984 -392 349 308 287 364 295 272
949 -388 337 307 287 365 295 272
917 -396 345 308 286 364 297 274
886 -380 317 312 291 369 300 277
847 -404 458 308 287 367 296 281
843 -419 486 305 287 367 296 283
823 -427 490 307 290 367 297 281
835 -451 470 307 283 360 291 278
835 -435 462 304 286 365 293 278
847 -431 458 310 291 366 295 278
851 -419 447 308 290 364 294 279
855 -427 455 308 287 363 292 279
866 -431 447 309 288 362 292 281
870 -427 474 307 290 366 298 286
870 -419 490 308 289 366 299 287
874 -423 498 307 289 366 297 281
862 -427 525 308 289 365 297 286
788 -404 517 309 288 362 292 281
760 -435 537 307 286 361 292 280
757 -431 462 311 289 367 293 283
776 -392 372 308 287 364 292 278
839 -388 360 306 287 366 291 278
902 -435 364 305 287 367 295 284
933 -490 384 307 289 371 296 282
953 -494 372 308 290 368 293 280
988 -486 400 305 287 367 294 283
1000 -474 490 307 287 370 296 283
972 -470 525 304 288 367 297 283
949 -494 560 308 289 371 297 283
910 -529 525 310 288 372 295 281
866 -506 431 303 286 367 290 276
839 -482 345 308 289 366 293 282
815 -447 266 308 289 372 296 283
800 -443 211 308 288 371 298 286
10.759440660476685