929 -466 302 276 288 276 292 253
913 -455 278 277 289 278 292 254
921 -458 278 277 288 278 290 255
917 -462 262 280 289 277 291 253
921 -474 270 276 290 279 291 252
906 -451 262 276 291 279 290 250
917 -458 274 278 289 276 287 251
921 -458 274 274 289 277 292 254
913 -455 258 276 289 277 291 254
913 -455 270 273 284 277 287 254
910 -447 274 277 284 274 284 250
921 -466 298 279 292 279 289 252
921 -443 270 271 284 275 288 256
937 -443 266 276 285 274 285 254
913 -427 274 276 290 279 291 257
933 -423 251 277 292 278 293 257
925 -431 251 278 290 281 290 257
925 -439 254 278 289 276 291 257
917 -439 266 279 291 277 288 254
925 -451 278 279 290 280 287 258
925 -462 294 274 286 278 289 258
910 -451 298 277 290 277 286 253
921 -447 270 279 290 282 291 259
921 -447 258 280 290 278 287 259
917 -439 231 278 289 277 288 259
913 -443 247 274 287 280 289 259
913 -451 262 274 287 279 290 259
917 -458 266 273 288 278 289 259
913 -466 290 276 289 278 291 259
921 -470 302 277 288 280 291 261
913 -455 309 276 289 280 292 261
906 -447 258 277 289 281 291 263
913 -455 266 276 288 277 291 257
902 -466 262 275 287 278 291 258
902 -466 270 277 288 281 291 260
921 -458 282 275 291 277 291 259
913 -455 286 275 290 280 292 261
929 -458 290 278 291 281 294 264
925 -447 286 278 291 283 290 258
925 -435 274 276 289 280 291 260
917 -443 258 274 290 277 291 258
921 -451 266 277 289 282 291 263
910 -435 254 279 290 283 294 263
921 -451 262 279 292 282 295 260
921 -462 270 277 288 280 290 261
917 -474 278 278 290 282 293 264
921 -474 274 280 291 282 293 260
910 -458 262 278 291 281 292 263
925 -474 258 276 288 281 291 261
906 -451 235 275 288 278 290 259
910 -462 251 277 292 279 289 257
921 -458 258 279 291 281 290 255
917 -466 270 278 291 283 291 257
910 -458 258 275 288 281 289 259
910 -455 247 275 286 279 289 258
917 -470 251 272 285 277 288 257
906 -466 251 270 286 276 288 256
913 -470 251 280 289 278 288 257
910 -470 251 279 288 277 288 255
917 -466 262 276 287 279 288 259
913 -462 258 273 287 279 290 260
913 -466 278 277 289 280 291 260
917 -462 270 276 289 281 290 262
913 -474 270 278 291 282 293 263
917 -466 266 280 294 281 289 259
913 -466 270 278 291 283 292 259
910 -458 270 279 291 281 289 258
917 -470 278 280 290 279 286 258
921 -474 274 277 290 281 291 261
913 -466 262 275 288 279 289 259
910 -466 254 276 290 281 292 261
910 -470 258 277 289 279 290 259
917 -474 247 275 290 281 292 261
906 -462 247 276 290 281 292 261
910 -478 254 278 293 281 290 255
910 -486 270 279 290 279 289 257
917 -490 274 275 288 277 287 253
913 -474 258 279 293 282 291 259
917 -486 258 279 293 279 289 259
902 -474 247 278 288 279 290 259
917 -474 258 274 288 280 289 262
906 -470 262 278 288 281 291 263
917 -462 251 274 290 279 291 263
913 -466 251 277 291 283 294 266
917 -458 251 280 291 283 289 260
917 -458 258 278 293 280 290 262
921 -451 247 273 287 278 288 261
913 -462 251 277 289 280 291 263
921 -462 258 276 290 279 291 262
925 -466 251 275 289 279 290 263
913 -455 247 278 287 278 289 261
921 -458 251 274 288 278 290 262
925 -462 247 274 288 280 290 260
921 -447 223 275 288 279 289 263
921 -458 239 276 289 280 290 263
917 -466 251 276 291 280 292 263
925 -470 254 275 288 281 289 263
925 -466 254 272 287 279 289 261
921 -458 258 281 293 282 291 263
929 -458 254 279 290 280 287 261
929 -451 247 277 289 279 291 261
917 -455 235 276 291 281 292 265
921 -451 243 277 291 281 292 265
925 -451 247 275 290 280 293 265
921 -462 258 277 291 282 292 263
917 -458 243 279 291 282 290 259
925 -470 243 281 290 280 288 260
917 -466 243 278 293 282 291 260
921 -466 239 278 291 279 289 263
925 -478 219 273 285 275 288 259
925 -486 227 276 287 277 287 258
921 -462 231 274 288 279 290 260
933 -447 231 280 291 281 288 262
929 -443 235 279 292 282 289 259
929 -458 243 280 291 279 290 261
933 -458 235 278 289 280 290 261
933 -455 219 275 288 280 291 260
933 -455 223 275 288 280 291 262
925 -451 227 276 288 280 290 264
929 -455 215 274 286 276 288 259
929 -451 231 275 289 280 291 259
925 -447 227 277 292 283 293 264
929 -458 239 279 292 283 293 266
925 -462 235 284 295 283 291 266
925 -447 219 277 292 282 293 264
933 -451 239 279 291 279 288 261
925 -443 231 280 288 279 288 262
921 -451 239 276 287 282 288 263
929 -447 247 280 288 280 290 262
929 -455 247 275 288 281 289 259
929 -451 231 279 291 283 293 265
921 -443 219 277 290 282 292 264
929 -447 227 277 289 281 292 262
921 -447 227 276 289 281 291 263
917 -462 239 278 291 283 292 264
925 -470 243 280 292 286 294 266
921 -482 243 277 288 281 290 265
917 -466 251 279 293 284 293 263
921 -462 243 279 291 283 293 261
929 -455 239 278 292 283 289 262
929 -458 219 280 290 280 290 262
929 -455 227 280 288 280 288 259
921 -447 235 277 289 279 290 262
925 -458 231 278 290 283 290 265
929 -458 235 275 289 281 290 261
929 -455 227 277 289 283 291 264
933 -458 239 276 289 282 293 263
933 -462 235 277 291 283 293 263
929 -443 231 279 292 281 287 259
925 -455 231 279 292 280 289 258
929 -455 223 278 288 277 290 260
917 -451 223 279 292 281 289 259
937 -451 231 277 287 280 288 262
925 -451 235 276 290 281 291 261
929 -447 239 275 289 281 291 262
933 -455 254 277 290 283 291 264
933 -443 243 277 289 283 291 265
933 -451 239 277 289 279 291 259
925 -447 231 276 289 281 290 262
937 -443 231 277 290 283 292 262
937 -435 227 276 290 282 292 263
937 -419 243 279 293 282 289 259
933 -427 243 281 290 281 289 261
941 -443 247 279 288 280 288 261
921 -443 227 275 288 279 289 259
925 -462 231 275 288 280 290 259
937 -439 251 276 289 282 289 263
929 -431 251 276 287 279 288 261
929 -431 247 274 287 279 293 259
925 -451 251 276 288 282 290 261
925 -455 239 276 289 281 291 262
921 -447 227 275 289 280 290 261
929 -447 251 277 289 281 291 262
925 -447 262 278 292 284 295 265
929 -447 266 272 286 278 287 259
925 -455 262 277 288 281 290 261
929 -455 258 278 289 283 291 261
937 -451 235 278 291 283 292 264
921 -431 223 277 289 281 291 261
949 -447 239 276 290 281 291 262
941 -431 231 275 288 282 290 261
929 -419 231 275 289 282 292 262
941 -419 219 278 289 280 290 259
10.230586051940918