-847 -160 478 306 291 284 287 359
-827 -160 470 305 292 283 285 356
-835 -160 482 304 290 282 289 362
-827 -184 490 304 291 283 289 361
-788 -200 509 306 290 285 287 365
-780 -207 541 305 290 283 288 363
-804 -172 537 307 288 280 288 360
-808 -192 568 306 290 284 288 363
-800 -172 568 305 291 283 288 364
-811 -176 596 306 291 284 289 361
-823 -172 604 306 293 282 285 358
-823 -156 615 305 289 281 286 361
-815 -172 576 306 288 283 287 362
-729 -231 678 301 289 283 287 358
-702 -188 662 304 290 284 289 365
-713 -200 686 303 291 283 290 364
-721 -231 713 306 294 283 287 358
-745 -149 678 304 292 284 290 363
-749 -152 643 307 293 282 286 360
-776 -98 592 301 291 280 288 358
-784 -121 588 301 286 278 285 353
-827 -164 596 303 289 280 284 355
-851 -196 600 305 293 282 286 357
-855 -231 596 302 291 281 287 354
-851 -239 568 304 291 283 288 357
-823 -251 549 302 290 282 289 360
-792 -235 533 303 292 284 290 360
-792 -243 545 305 293 283 285 355
-815 -247 557 302 290 281 288 352
-811 -254 553 303 291 283 289 359
-815 -258 537 302 291 282 288 357
-796 -266 533 303 291 284 289 359
-772 -258 525 306 292 285 286 353
-760 -262 525 304 292 281 285 352
-760 -243 541 301 291 281 283 347
-772 -254 564 306 292 282 286 352
-753 -254 549 303 292 283 286 354
-745 -254 564 305 290 281 287 356
-753 -239 564 305 295 284 288 352
-772 -200 557 304 292 285 290 362
-804 -207 568 304 291 285 288 359
-819 -219 580 305 293 285 287 352
-772 -192 596 304 292 285 289 361
-792 -207 604 304 291 285 290 361
-780 -184 584 305 293 285 287 354
-780 -200 576 304 292 285 287 357
-800 -243 564 302 288 282 285 354
-819 -251 557 302 289 282 287 357
-815 -274 537 303 290 284 289 356
-808 -251 513 303 294 282 288 359
-819 -215 498 300 291 282 288 355
-831 -219 513 302 291 283 287 355
-823 -219 517 303 292 281 290 362
-815 -231 509 303 290 282 287 352
-792 -227 521 304 288 283 286 356
-780 -223 525 302 290 284 288 359
-764 -223 529 297 287 280 286 353
-749 -207 541 301 291 283 288 359
-753 -200 537 304 292 284 290 362
-753 -184 533 306 293 283 285 355
-780 -196 557 304 290 281 285 356
-772 -145 545 298 287 280 285 353
-784 -141 557 298 286 280 284 352
-827 -133 557 303 292 285 289 362
-831 -145 541 303 291 282 288 354
-800 -11 533 296 283 276 282 346
-804 -70 525 301 286 277 283 350
-796 -94 553 302 289 282 287 354
-796 -105 549 300 289 282 286 356
-784 -109 568 303 289 283 289 353
-764 -105 564 303 292 284 288 353
-768 -90 584 305 293 284 287 348
-788 -62 596 301 288 281 286 350
-800 -70 611 303 290 281 289 348
-780 -66 576 302 289 283 285 353
-749 -74 545 304 292 283 289 355
-753 -86 564 301 287 282 286 353
-753 -101 580 299 290 281 287 353
-745 -94 576 303 291 284 290 354
-753 -86 608 303 290 283 287 357
-760 -90 608 303 288 283 287 357
-753 -70 604 301 288 283 286 348
-753 -70 611 302 290 284 290 357
-768 -90 635 300 289 282 286 354
-776 -50 643 306 295 285 287 346
-804 -11 647 300 289 282 286 352
-804 -15 655 303 291 283 288 353
-788 -11 635 302 292 281 289 351
-768 -27 639 303 289 285 288 353
-753 -58 631 301 291 283 289 349
-741 -58 611 305 292 280 285 345
-741 -74 631 303 291 279 286 357
-729 -74 651 305 293 285 288 354
-729 -74 651 304 290 284 288 351
-737 -66 674 304 293 283 288 346
-725 -98 702 305 293 285 289 355
-702 -98 686 305 290 286 288 355
-686 -101 698 304 293 284 287 345
-713 -90 717 306 291 281 286 354
-753 -86 725 305 293 283 285 349
-749 -90 721 305 291 281 285 352
-753 -74 702 305 289 280 285 350
-760 -78 698 304 290 281 287 353
-760 -94 678 304 293 280 289 350
-753 -105 651 303 288 283 285 352
-729 -98 615 300 289 282 286 350
-729 -125 619 301 289 282 286 357
-725 -149 596 303 289 283 287 356
-733 -121 572 302 291 284 289 352
-741 -149 588 305 292 284 290 351
-753 -145 604 305 292 280 285 349
-745 -133 600 302 289 281 286 350
-753 -125 604 302 288 284 286 353
-745 -117 580 302 290 283 288 354
-741 -101 576 303 293 284 288 350
-772 -117 576 305 296 286 287 354
-792 -117 584 304 292 285 287 350
-811 -113 576 305 291 282 285 350
-859 -105 576 305 291 281 285 355
-870 -98 568 301 289 283 286 354
-808 -184 513 305 291 283 286 348
-819 -164 521 302 290 282 287 355
-835 -160 545 299 288 281 284 345
-839 -156 549 302 290 284 287 351
-847 -152 541 303 291 283 284 346
-819 -156 545 305 289 282 286 353
-811 -164 521 308 294 286 286 352
-819 -172 521 305 293 285 285 350
-823 -176 521 306 290 281 286 354
-823 -176 513 301 289 283 286 349
-827 -184 506 301 289 282 287 353
-827 -188 529 301 292 283 288 353
-815 -172 525 304 293 285 289 351
-811 -160 533 304 292 286 287 351
-823 -156 545 302 288 281 282 346
-819 -152 525 303 289 284 287 354
-823 -145 541 303 291 285 289 352
-808 -160 533 303 291 284 289 353
-811 -164 529 303 291 285 289 354
-808 -152 525 303 292 284 288 347
-808 -160 529 308 292 281 286 349
-804 -149 541 299 289 283 287 349
-804 -141 553 300 289 280 285 351
-804 -125 560 299 288 280 286 349
-819 -125 564 301 291 282 288 350
10.103924751281738