-639 -243 733 298 291 287 393 309
-659 -223 753 298 290 286 389 311
-666 -219 757 295 288 286 391 307
-670 -203 749 294 288 286 386 307
-659 -207 757 295 285 283 385 301
-659 -223 757 300 291 286 390 308
-615 -231 737 300 290 283 391 304
-623 -227 733 298 291 283 390 307
-627 -243 733 295 288 285 389 307
-627 -251 729 295 290 284 393 305
-639 -231 729 303 291 287 388 306
-655 -223 717 298 290 287 394 309
-659 -219 741 296 286 281 385 297
-655 -211 725 296 289 284 388 300
-647 -227 725 298 289 286 389 305
-647 -227 721 298 286 285 389 299
-647 -231 717 299 287 285 389 303
-670 -239 729 298 289 286 392 305
-670 -231 725 299 291 288 395 307
-694 -227 721 299 292 288 397 310
-686 -219 717 299 292 288 391 302
-674 -227 721 297 289 286 390 306
-678 -215 733 300 292 288 393 310
-682 -219 721 301 291 284 389 304
-674 -219 713 299 290 287 389 304
-670 -200 702 296 289 286 389 303
-666 -215 717 298 290 287 391 307
-674 -207 713 299 292 288 393 309
-670 -196 710 300 292 287 389 306
-686 -207 702 303 293 286 387 302
-690 -215 694 299 289 285 389 304
-698 -207 698 298 290 286 390 304
-702 -207 702 298 287 285 389 305
-678 -207 713 301 291 290 391 306
-674 -227 729 299 289 286 389 302
-666 -207 729 296 289 285 389 308
-678 -207 725 298 290 289 391 307
-666 -188 721 299 292 288 396 302
-666 -200 733 296 287 284 389 306
-737 -145 670 297 288 287 388 297
-745 -149 674 297 289 287 389 306
-745 -156 678 300 289 289 391 307
-749 -168 682 300 290 289 392 301
-741 -164 682 302 291 287 386 302
-725 -156 666 299 288 284 390 301
-737 -172 666 296 290 286 386 305
-725 -172 670 299 291 288 392 303
-702 -200 639 300 288 287 388 302
-690 -215 639 298 289 286 388 302
-698 -203 647 298 291 286 391 303
-717 -192 662 300 292 289 390 307
-741 -172 682 302 291 288 393 308
-753 -152 686 299 291 288 390 306
-745 -156 682 298 289 285 383 299
-741 -164 678 302 291 288 386 302
-733 -156 662 301 291 289 388 301
-721 -176 655 303 292 287 389 302
-721 -168 655 300 292 287 389 305
-725 -164 662 299 288 287 389 303
-737 -156 678 298 290 285 391 300
-753 -172 670 301 291 290 389 305
-741 -172 662 300 292 288 389 302
-725 -172 662 302 290 285 386 304
-725 -156 674 299 288 285 393 301
-717 -176 682 300 289 287 389 303
-721 -172 674 296 291 287 392 301
-733 -160 674 300 290 288 389 300
-749 -152 690 300 291 289 388 298
-733 -156 698 301 289 283 387 298
-725 -152 682 296 288 284 387 302
-717 -172 674 299 288 286 385 303
-713 -168 655 298 290 287 389 303
-706 -176 639 301 292 288 387 301
-702 -172 694 296 290 285 388 301
-717 -176 694 298 291 287 392 304
-729 -180 694 300 292 288 393 305
-721 -176 694 302 293 287 387 298
-698 -184 702 299 291 289 390 309
-694 -180 666 300 292 287 387 299
-694 -196 674 300 288 286 386 302
-706 -192 659 298 290 286 388 305
-706 -152 678 301 292 285 384 303
-694 -164 690 300 289 287 388 304
-713 -160 702 300 292 287 388 299
-710 -160 706 302 291 286 385 301
-710 -160 706 298 287 285 386 300
-710 -152 690 295 289 285 385 304
-698 -152 678 298 290 288 389 303
10.021847486495972