1023 -125 50 301 379 383 370 316
1012 -129 58 301 381 383 366 313
1023 -121 43 297 377 383 365 312
1019 -129 43 302 378 379 366 312
1012 -129 31 300 375 379 363 315
1015 -125 31 296 379 381 365 313
1019 -109 35 301 380 379 364 312
1019 -98 31 300 376 380 364 315
1023 -101 47 302 379 380 361 312
1023 -109 58 299 378 379 364 314
1023 -113 43 296 377 380 366 313
1008 -113 168 297 377 378 365 310
1015 -94 156 293 376 378 366 312
1019 -94 156 296 374 379 361 314
1019 -86 160 293 373 372 362 309
1008 -50 133 301 383 385 365 316
1012 -54 113 298 380 379 363 309
996 -54 82 301 379 379 361 314
1000 -94 74 298 380 380 365 309
1012 -196 156 298 379 381 366 318
1012 -215 200 299 380 380 361 311
1012 -172 203 294 375 377 363 313
1015 -70 196 297 376 380 363 316
1008 -35 121 294 378 375 360 310
1012 -47 105 294 375 374 361 311
1004 -82 62 295 375 376 360 311
1012 -86 58 297 375 377 358 313
1019 -78 101 299 381 376 360 310
1023 -105 82 294 377 375 360 312
1023 -109 62 294 377 377 361 313
1012 -125 58 297 378 374 360 316
1008 -164 101 298 379 379 361 311
1019 -164 94 293 376 375 360 309
1019 -172 94 298 379 376 357 310
1012 -160 105 300 378 375 361 312
1015 -156 117 298 378 373 360 310
1015 -160 125 293 374 375 359 313
1012 -152 145 295 377 381 362 315
1008 -164 129 297 376 376 361 313
1012 -184 129 294 373 376 360 313
1008 -176 121 295 378 376 361 313
1012 -176 117 296 379 378 363 315
1008 -184 113 298 379 378 357 311
1008 -184 117 295 375 377 361 312
1008 -176 121 294 375 377 359 314
1015 -184 101 294 376 378 360 316
1008 -184 109 294 378 376 361 315
1015 -172 109 297 379 379 364 318
1015 -156 105 299 380 381 363 316
1012 -164 113 295 377 378 362 314
1019 -168 125 295 375 376 358 312
1000 -184 133 298 376 375 357 312
1004 -192 117 298 378 375 358 313
1004 -192 117 294 375 375 359 310
1008 -176 109 294 376 374 360 312
1012 -149 105 290 370 367 358 306
1015 -98 105 290 372 371 358 310
1027 -78 86 295 376 372 362 311
1015 -74 90 295 375 373 361 312
1019 -86 94 295 378 377 363 313
1019 -94 90 296 373 376 358 312
1031 -86 78 295 372 374 359 313
1019 -86 90 296 375 374 358 312
1031 -109 105 298 375 374 359 310
1019 -70 82 294 375 374 361 312
1027 -86 82 296 377 376 362 317
1019 -66 70 295 379 377 362 314
1015 -70 50 296 373 376 358 312
1015 -78 47 294 377 372 356 308
1019 -78 47 295 378 375 362 316
1015 -74 50 296 378 377 365 318
1023 -74 70 294 377 374 360 313
1004 -86 70 296 375 376 361 314
1023 -94 62 296 376 377 361 315
1015 -86 54 295 378 375 362 312
1012 -70 47 294 375 374 359 312
1019 -58 39 294 375 376 359 313
1027 -47 19 295 375 376 359 314
1008 -149 101 296 376 375 358 314
1008 -180 70 295 378 372 360 312
1012 -164 58 295 375 376 360 315
1012 -149 39 295 378 374 363 314
1015 -160 35 297 378 378 363 318
1015 -160 31 298 378 378 359 310
1015 -156 35 299 380 376 356 313
1012 -156 35 297 372 371 358 311
1012 -172 43 294 376 376 358 315
1012 -172 54 292 374 370 357 313
1012 -164 58 294 376 374 358 311
1019 -160 66 294 377 375 362 315
1015 -160 70 297 378 376 363 316
1015 -156 70 298 376 377 361 315
1015 -168 70 296 378 377 361 312
1015 -168 66 298 379 376 357 314
1019 -168 70 300 378 372 356 312
1008 -145 74 297 375 374 356 312
1008 -160 86 296 374 375 358 313
1012 -164 105 294 375 371 359 311
1015 -172 117 297 375 377 360 315
1015 -172 117 297 377 379 360 317
10.362788677215576