1015 -207 -35 295 374 402 384 298
1015 -231 -11 298 376 401 385 294
1012 -180 -19 294 372 398 381 294
1008 -184 -39 297 377 401 387 296
1012 -188 -47 297 375 401 380 295
1019 -188 -43 298 376 395 382 292
1015 -192 -23 297 375 399 384 296
1015 -168 -23 296 378 399 381 291
1004 -176 -11 297 377 396 376 294
1019 -141 -31 297 376 396 384 293
1012 -137 -23 297 376 398 383 292
1012 -184 -27 297 369 398 382 296
1023 -192 -31 296 370 393 381 291
1008 -188 -39 293 369 397 380 294
1008 -192 -50 296 372 399 384 295
1015 -207 -43 295 370 398 382 296
1004 -200 -39 296 373 397 379 291
1015 -203 -31 287 365 389 376 292
1008 -227 -27 293 369 395 378 295
1004 -235 -54 295 373 396 382 294
1004 -223 -66 293 369 397 380 293
1004 -231 -54 295 369 395 379 294
996 -231 -70 294 371 395 381 294
1004 -223 -66 296 373 400 382 296
1000 -227 -62 294 375 396 382 295
1012 -243 -47 297 375 397 381 290
1008 -239 -43 295 372 396 380 294
1008 -223 -39 292 367 391 376 290
1019 -227 -23 293 370 395 379 295
1008 -215 -23 292 371 394 377 292
1008 -192 -62 295 375 398 384 295
1012 -156 -62 297 372 397 382 295
1015 -160 -82 299 377 397 387 294
1019 -235 3 294 373 396 383 293
1004 -215 11 297 374 398 387 295
1004 -231 3 299 372 392 378 289
1000 -251 -11 299 374 396 375 292
1004 -235 -43 297 367 392 373 290
1012 -200 -23 294 373 396 381 293
1012 -172 3 296 373 396 384 292
1023 -164 3 295 374 396 383 293
1012 -184 -7 295 373 397 384 292
1008 -207 -31 299 376 399 380 289
1008 -215 -47 299 376 394 380 288
1012 -203 -47 294 371 394 381 291
1008 -203 -39 297 372 396 379 294
1008 -200 -3 298 370 395 379 293
1031 -200 0 294 371 400 380 292
1012 -219 3 294 371 394 381 288
1008 -227 -3 297 371 391 381 288
1004 -243 -15 292 368 393 381 290
1004 -231 -7 295 371 396 380 294
1008 -239 11 294 372 395 379 295
1004 -239 7 293 369 392 378 288
1012 -243 7 298 374 397 381 287
1004 -239 0 299 374 394 377 291
1004 -247 0 297 372 396 381 293
1008 -243 3 296 372 395 379 293
1004 -251 19 295 370 394 378 292
1012 -247 23 294 370 394 378 292
1012 -247 47 296 373 396 381 296
1015 -239 62 293 365 390 376 289
1004 -278 35 301 374 397 378 296
1008 -266 43 298 372 392 378 290
1000 -270 43 296 369 394 378 292
1000 -290 35 292 371 393 380 290
1000 -298 23 296 373 398 382 290
1000 -294 15 298 373 394 378 290
1004 -302 19 296 370 395 381 290
1004 -302 23 295 369 395 379 294
1000 -294 11 295 369 395 377 292
1000 -294 11 290 367 387 373 287
1000 -294 -3 298 375 395 378 291
1008 -282 -3 289 365 387 376 286
1000 -274 -11 297 374 396 379 290
1000 -286 -19 295 368 392 377 293
1004 -278 -15 294 371 394 383 292
1004 -270 -19 296 371 394 379 295
1000 -262 -7 295 372 395 382 294
1004 -274 -15 296 370 394 381 292
1004 -274 -19 297 373 398 384 298
1004 -278 -23 297 374 395 379 288
1000 -270 -31 294 370 393 378 291
1004 -270 -35 293 370 393 379 290
1000 -262 -31 296 373 397 382 293
1000 -262 -35 295 370 395 377 293
10.01422119140625