1008 -200 192 305 283 281 375 270
1004 -211 192 306 283 283 377 268
1008 -219 184 306 283 280 368 264
1004 -215 192 305 280 279 366 260
1004 -215 200 304 280 282 370 271
1008 -200 196 306 283 284 373 275
1004 -192 192 307 285 284 374 273
1004 -188 196 306 284 279 370 268
1004 -188 192 308 284 281 374 269
1004 -172 168 303 284 280 373 270
1008 -172 168 306 285 283 371 267
1015 -176 180 307 282 277 368 263
1004 -172 188 302 281 279 374 269
1012 -164 176 305 282 283 374 273
1008 -160 180 308 282 284 370 270
1015 -160 180 306 284 277 369 269
996 -164 172 303 280 281 370 268
1008 -172 172 303 284 281 374 271
1000 -164 160 307 284 283 376 268
1012 -156 152 307 284 280 367 268
1015 -133 129 302 277 275 364 265
1012 -137 129 309 285 283 371 270
1008 -129 129 302 280 279 372 268
1012 -125 129 305 282 281 369 269
1000 -137 137 306 283 283 372 275
1012 -133 145 306 283 283 375 275
1015 -121 152 305 285 282 377 269
1015 -113 168 307 283 280 368 267
1019 -121 168 302 280 280 371 269
1023 -105 172 305 281 280 369 272
1012 -121 176 303 283 280 373 270
1015 -160 129 305 282 281 377 274
1012 -149 117 305 285 282 376 273
1008 -137 109 306 284 283 375 271
1004 -145 117 307 285 280 371 268
1012 -141 141 305 281 280 371 271
1004 -133 137 304 284 282 375 273
1015 -141 141 306 285 282 374 269
1012 -145 172 302 282 281 373 275
1012 -156 172 304 283 280 374 277
1008 -160 152 302 280 280 368 269
1008 -168 156 308 286 283 372 273
1012 -176 156 308 285 282 369 275
1004 -180 156 306 280 280 373 276
1004 -192 164 306 283 283 374 278
1008 -192 172 305 282 281 375 278
1008 -180 152 307 284 284 376 279
1008 -172 145 305 284 283 376 279
1000 -184 156 307 284 285 373 276
1008 -184 137 307 286 283 371 277
1008 -184 137 305 285 283 373 276
1008 -235 141 304 284 280 373 276
1004 -239 129 305 281 283 372 279
1008 -227 137 305 283 281 374 275
1012 -219 137 301 279 278 369 273
1012 -219 149 303 282 278 373 272
1004 -227 160 306 284 281 372 275
1004 -239 152 303 283 282 372 275
992 -239 133 306 283 283 373 276
1008 -239 129 307 285 286 377 281
1012 -223 113 305 284 282 377 275
1004 -215 109 308 285 284 376 273
1012 -200 105 306 281 281 372 277
1004 -180 90 305 283 281 375 277
1008 -196 113 306 284 283 376 279
1008 -203 101 308 284 283 371 276
1008 -203 113 302 283 279 372 271
1004 -219 113 304 281 281 372 276
1012 -207 133 309 285 282 371 274
1008 -172 137 308 284 282 369 275
1012 -156 133 304 281 282 371 276
1023 -133 141 306 282 282 372 277
1019 -121 133 304 281 281 373 277
1023 -137 129 308 285 280 372 272
1015 -149 105 307 283 279 374 271
1008 -172 82 310 284 283 370 276
1008 -200 94 306 282 283 375 272
1008 -207 98 305 285 284 375 277
1008 -227 82 307 285 282 373 280
1004 -227 94 306 283 284 373 279
1012 -227 109 307 285 283 377 278
1008 -215 125 308 282 281 372 276
1004 -207 125 307 285 283 374 279
1008 -211 117 307 287 283 374 276
1004 -200 101 308 281 281 371 275
1008 -203 109 305 284 280 374 276
1012 -203 90 306 281 281 374 278
1008 -203 94 307 287 286 376 282
1012 -203 105 308 284 283 373 279
1012 -196 105 306 281 280 371 276
1004 -203 141 308 282 281 370 275
1008 -211 137 302 281 281 369 276
1008 -215 129 303 282 281 373 273
1008 -211 98 308 284 279 373 275
1008 -207 109 311 285 282 372 276
1012 -196 109 306 281 283 371 277
1012 -188 121 305 283 281 373 280
1012 -184 117 308 286 282 380 274
1012 -200 105 310 284 281 371 275
1008 -203 86 305 284 279 374 276
1004 -200 86 305 280 279 365 274
1008 -196 105 305 283 283 371 277
1015 -180 105 307 285 285 374 274
1012 -184 121 308 285 284 376 274
1012 -180 129 307 281 279 373 275
1015 -176 133 306 282 282 374 281
1012 -188 129 305 285 281 375 278
1012 -196 113 306 285 283 377 281
1008 -200 117 309 284 281 371 279
1012 -188 109 305 284 282 374 275
1012 -180 113 305 282 281 375 281
1000 -184 117 305 286 282 377 280
1027 -156 133 300 279 277 373 276
1019 -172 121 305 279 283 374 278
1012 -168 105 306 284 283 376 281
1012 -180 105 306 284 282 378 278
1019 -160 101 309 285 282 371 278
1012 -160 94 305 283 283 375 280
1012 -164 113 305 284 282 377 279
1015 -160 101 305 283 282 376 279
1015 -152 109 307 286 284 377 281
1015 -141 101 309 285 285 376 278
1008 -145 109 305 285 283 376 286
1012 -152 113 306 284 282 375 284
1015 -168 105 308 284 285 373 281
1012 -160 70 308 284 281 373 283
1012 -172 54 308 287 283 375 283
1019 -164 70 309 285 287 377 285
1019 -160 113 309 286 283 372 280
1015 -172 129 310 283 280 373 281
1012 -188 121 311 285 283 371 283
1012 -192 113 304 281 282 372 283
1012 -188 101 305 283 281 376 286
1008 -184 82 307 284 286 377 285
1012 -180 90 307 285 284 376 283
1004 -156 78 308 286 284 373 280
1019 -168 98 308 285 281 373 280
1015 -156 121 306 286 284 373 281
1015 -160 113 308 284 280 373 284
1019 -160 113 304 284 281 376 281
1015 -156 101 304 284 283 375 289
1015 -156 94 307 285 285 375 283
1015 -145 94 308 286 283 370 283
1012 -188 82 307 284 286 375 281
1023 -192 70 308 285 284 377 280
1008 -176 86 308 285 285 373 285
1008 -184 109 307 286 283 374 281
1015 -176 101 309 283 281 370 281
1012 -196 105 303 279 278 373 279
1004 -196 101 308 284 281 374 282
1012 -184 94 305 283 283 376 285
1019 -172 98 305 285 284 376 288
1008 -176 98 304 281 281 374 281
1015 -172 101 303 283 283 374 283
1012 -168 113 306 282 282 375 286
1012 -156 109 307 283 286 375 286
10.31722354888916