992 -262 -176 309 395 364 355 241
980 -254 -176 308 398 362 354 240
882 -70 -364 305 392 362 347 234
1114 -356 -270 305 392 358 351 232
878 -360 -239 307 392 357 345 232
1027 -447 -129 302 392 353 348 233
961 -274 -133 299 391 355 346 232
941 129 -278 304 392 354 348 225
937 266 -376 303 390 353 349 226
874 -15 -286 303 389 356 351 237
902 -196 -137 302 391 353 351 236
992 -172 -113 305 387 355 345 232
933 -372 54 301 383 351 344 233
1063 -400 125 304 386 350 346 232
1035 -262 82 305 385 350 346 232
1051 -66 3 303 387 352 348 235
1078 -203 62 305 391 351 347 233
1019 188 -196 304 389 350 346 233
996 129 -137 304 383 351 347 235
1019 -11 -98 302 386 351 350 238
984 39 -160 302 383 351 348 239
964 172 -341 302 384 351 348 240
933 98 -227 302 386 353 349 244
941 50 -235 303 384 353 350 247
894 152 -251 304 384 351 350 246
968 -31 -133 305 382 347 344 241
961 66 -168 309 385 350 349 240
1094 -294 27 307 385 352 351 243
1070 -254 43 306 385 352 351 241
961 74 -113 307 387 352 350 230
870 282 -223 305 384 352 352 234
894 54 -125 306 384 353 350 234
996 -227 -47 307 386 354 354 238
1051 -455 74 306 386 352 351 230
1047 -533 90 304 384 350 351 234
1063 -521 109 307 386 353 350 231
1047 -462 94 307 387 355 350 229
1035 -431 98 304 388 353 351 228
1027 -203 0 302 382 349 349 228
949 -39 -47 303 383 348 350 231
988 78 -172 308 387 358 353 235
890 66 -188 301 384 354 349 234
910 235 -372 303 388 355 351 232
847 54 -329 306 389 357 353 232
1015 -439 -109 310 379 350 347 238
1019 -451 -105 314 384 351 350 238
1035 -455 -101 314 386 357 355 240
1004 -423 -90 316 386 352 350 236
957 -168 -184 314 382 354 349 239
1004 -262 -141 314 384 355 352 239
949 -141 -235 313 385 353 353 238
851 117 -353 315 382 356 351 241
827 145 -411 311 385 355 352 241
980 -94 -380 313 389 356 351 236
1137 -525 -251 311 382 355 346 232
961 -329 -243 313 386 355 351 237
1004 -353 -247 315 385 357 350 235
949 -266 -227 317 383 355 345 233
988 -243 -243 312 382 353 348 233
1035 -549 -105 308 382 353 352 247
874 19 -388 316 386 357 351 257
984 -121 -388 315 383 356 353 257
957 -380 -247 315 382 352 348 264
976 -329 -239 314 387 354 348 268
949 -243 -278 315 381 350 349 264
902 -86 -380 313 383 353 347 268
917 -117 -423 313 379 353 348 276
910 -156 -407 311 382 353 351 277
921 -219 -380 314 383 354 356 278
957 -329 -282 316 383 354 346 272
984 -384 -251 313 378 351 345 273
972 -380 -196 311 381 352 349 273
1004 -400 -176 308 376 349 347 271
945 -231 -262 316 380 356 349 275
913 -141 -333 315 381 355 351 276
10.619750738143921