819 384 356 321 284 373 386 338
823 478 360 322 281 374 383 338
827 517 321 324 284 376 384 341
851 427 317 324 286 375 388 340
894 254 400 323 287 374 384 341
839 215 415 322 284 371 381 338
906 -58 984 322 282 370 380 336
866 -156 600 323 282 369 379 337
929 -415 674 321 285 367 381 336
870 -474 662 324 283 372 381 340
874 -537 682 319 284 367 379 337
851 -713 729 318 280 367 379 335
862 -815 717 319 281 369 377 338
804 -831 694 324 286 372 384 340
741 -725 643 321 285 370 382 340
686 -455 509 323 284 369 381 338
674 -368 608 322 284 368 380 339
659 -156 674 321 282 368 378 336
651 156 725 322 284 369 381 339
678 172 827 321 283 369 377 339
784 462 627 315 285 370 375 339
745 494 494 316 284 367 374 339
721 443 415 317 285 368 376 337
768 341 407 317 284 368 374 339
764 302 333 316 286 365 376 338
804 113 423 315 283 366 375 334
839 -7 470 316 284 368 375 338
894 -164 498 316 282 365 373 335
921 -364 592 313 284 364 373 335
729 -753 325 308 287 356 362 336
690 -811 388 308 290 359 360 337
608 -823 455 305 282 355 353 329
690 -870 498 305 283 358 359 337
753 -823 506 310 289 355 361 332
772 -623 517 307 285 359 360 334
780 -251 486 309 284 357 358 336
764 145 474 308 285 359 360 336
780 313 486 308 286 357 363 335
968 309 968 311 284 358 364 335
753 560 239 308 283 360 363 334
745 525 333 308 286 360 362 335
678 431 282 312 285 356 361 330
768 309 207 315 286 359 364 333
827 188 278 310 282 357 362 332
988 -3 372 311 284 360 364 337
1074 -164 447 308 285 357 365 332
1098 -302 498 310 286 359 366 333
1102 -458 611 314 288 363 365 340
1055 -490 635 311 288 359 366 332
968 -462 631 312 285 356 361 332
874 -502 655 310 286 357 365 333
808 -509 651 310 284 360 361 335
741 -400 659 314 287 357 364 336
753 -388 725 312 284 357 362 333
878 -360 819 314 289 359 365 338
760 54 674 313 290 361 366 331
772 164 737 312 287 361 364 336
615 431 564 312 287 361 363 335
647 611 702 314 288 360 364 334
592 819 486 314 289 362 368 340
678 655 498 315 288 361 368 339
890 341 557 313 285 357 361 335
957 305 682 314 285 357 363 332
988 309 757 311 285 356 363 333
984 317 784 312 287 358 361 338
929 376 686 314 288 359 360 331
961 302 615 311 285 357 361 335
1031 98 525 315 288 360 359 331
1121 -70 447 313 287 358 365 337
1165 -180 407 313 287 360 364 335
1121 -227 407 315 289 359 359 333
953 -223 305 315 289 360 365 337
784 -188 196 310 285 357 359 332
702 -239 176 311 286 358 360 334
651 -341 227 314 289 359 366 337
619 -557 262 312 283 354 355 331
631 -749 356 309 281 354 354 327
643 -890 400 312 286 359 363 335
686 -1015 411 310 286 357 363 335
780 -1015 392 315 287 358 361 331
772 -808 470 313 286 355 362 334
662 -243 423 314 288 355 364 330
596 411 262 317 287 356 359 334
662 560 302 316 288 351 362 331
737 549 58 316 288 359 363 332
741 517 258 318 290 362 365 335
721 392 282 312 285 356 362 329
647 329 290 313 285 356 360 332
772 243 282 314 290 358 364 334
984 23 380 317 288 362 363 333
1121 -219 470 316 291 359 366 339
1251 -423 498 315 289 358 365 333
1176 -517 576 316 291 357 363 330
1078 -662 627 314 285 356 361 334
1035 -764 639 312 286 357 363 333
1015 -894 627 314 288 355 365 335
878 -682 525 307 284 349 359 328
804 -404 486 317 288 359 365 336
757 -19 502 312 287 355 363 332
717 317 639 314 283 357 359 333
674 670 694 315 285 355 358 332
690 721 404 314 286 356 362 332
702 639 611 310 286 354 362 330
800 576 564 312 286 359 362 333
851 447 474 310 285 355 362 333
878 329 470 313 285 358 361 334
898 278 517 310 284 358 361 332
878 290 560 312 285 355 363 331
961 282 627 315 285 359 364 336
1012 274 635 312 287 354 363 333
1000 -137 568 319 283 364 381 329
968 -439 725 317 284 361 382 334
898 -506 710 316 283 359 381 326
823 -635 725 312 281 360 381 330
827 -713 686 317 285 364 381 332
815 -749 717 311 280 358 378 331
835 -729 757 310 279 356 376 325
815 -545 768 308 277 359 375 325
674 -3 604 312 282 361 378 331
600 396 592 313 282 360 379 333
592 662 615 315 283 363 382 333
635 808 588 312 282 362 380 333
792 674 564 312 283 362 380 333
819 490 513 312 281 359 378 330
659 462 302 313 286 362 374 339
674 780 404 315 286 366 376 339
776 819 356 311 285 361 374 339
788 580 125 312 283 363 373 338
792 251 251 314 284 364 373 341
776 105 333 311 285 361 375 339
788 -35 380 311 284 361 374 338
823 -172 451 310 281 356 367 334
847 -380 529 309 281 355 366 332
890 -447 529 309 282 360 371 337
882 -435 490 311 285 361 373 340
874 -447 600 315 284 359 371 338
843 -866 890 314 287 357 374 334
870 -1074 917 312 281 358 372 336
811 -949 764 310 283 358 375 338
753 -431 133 316 290 364 371 342
698 -466 188 315 286 361 366 336
592 -643 309 316 287 357 366 339
10.803975820541382