902 86 427 320 281 391 388 355
917 82 458 322 282 395 390 360
910 94 451 323 281 392 386 356
925 90 451 325 281 393 387 353
961 66 439 316 272 388 384 350
902 129 525 321 282 398 395 359
902 94 443 320 280 398 390 358
917 94 396 319 282 398 394 359
921 98 396 321 282 401 391 356
902 98 427 319 282 400 395 359
917 94 439 319 282 401 395 358
941 101 400 312 278 398 391 355
925 113 423 318 281 401 389 354
941 98 431 316 281 402 395 355
929 109 411 316 277 398 392 354
933 101 423 313 279 397 388 349
921 94 427 320 284 404 398 355
921 98 415 319 281 406 398 363
937 90 388 321 283 404 399 355
921 90 380 318 283 404 399 359
921 90 396 319 283 405 398 360
937 86 411 317 283 400 394 358
917 47 435 317 283 399 393 357
929 47 431 318 278 395 390 354
929 54 415 321 285 396 390 354
933 66 400 317 284 398 396 356
941 50 411 318 284 397 395 355
941 50 415 314 282 397 392 353
925 70 419 318 280 398 389 357
933 54 423 320 284 402 391 352
941 50 415 319 284 399 396 360
945 47 411 319 284 403 393 360
957 58 404 319 285 396 386 355
937 43 419 317 287 400 391 357
913 23 404 317 287 399 395 360
925 0 419 316 284 396 390 356
902 3 443 316 281 391 386 348
913 19 458 318 287 397 389 351
929 19 451 317 287 397 391 355
941 39 415 317 287 397 392 358
953 19 392 318 284 396 390 357
957 15 392 318 285 399 390 353
957 11 411 318 287 400 394 360
937 7 443 314 283 395 389 354
925 15 447 319 282 395 383 352
925 27 411 315 283 397 391 355
925 19 407 315 286 396 393 357
953 15 392 315 284 397 390 356
937 19 400 318 285 394 385 355
968 11 388 319 286 400 390 355
964 3 415 317 285 400 389 359
957 7 423 317 285 398 390 359
925 19 423 318 287 398 394 358
921 19 419 319 288 397 388 354
957 -39 400 319 287 398 392 358
988 -47 372 318 282 397 388 356
976 -11 411 317 285 397 391 355
929 39 466 317 283 397 387 356
882 70 482 319 286 395 385 352
890 47 482 318 285 398 390 353
933 7 458 315 282 393 389 353
953 -19 427 314 284 397 388 357
964 -23 407 317 285 393 389 352
961 -31 396 319 284 393 387 353
941 0 388 317 287 397 391 351
906 15 431 319 287 400 389 361
906 19 458 319 286 399 388 352
933 19 427 313 282 393 381 349
906 27 423 312 283 393 389 351
913 15 443 318 284 399 388 358
929 11 447 317 286 397 389 357
949 11 427 317 287 397 392 355
964 7 407 316 285 397 388 358
949 15 380 317 284 396 388 354
941 19 364 319 285 396 384 354
913 11 415 313 281 387 384 348
933 15 427 318 288 396 390 358
964 0 431 319 284 393 385 353
968 7 415 315 284 394 387 353
945 31 415 314 283 391 381 351
921 39 423 319 286 393 387 350
925 27 431 319 287 394 383 351
921 15 439 317 287 398 389 353
941 11 415 317 285 401 391 360
945 0 423 316 285 398 387 357
961 11 404 315 285 393 388 354
949 7 411 317 286 391 387 352
937 35 407 318 288 398 387 352
925 19 423 318 286 397 392 360
929 3 431 315 286 392 389 355
949 11 411 319 289 397 392 357
957 7 419 318 288 395 386 353
957 11 415 318 287 397 391 359
929 31 419 318 287 395 392 356
917 23 435 318 285 394 390 355
910 7 435 320 285 395 386 355
937 3 423 320 289 399 390 355
957 0 407 316 284 396 387 354
949 15 411 323 288 394 388 356
929 27 411 318 288 395 390 352
925 31 419 318 289 397 392 359
925 31 427 317 287 398 389 357
925 15 419 315 286 395 391 355
941 3 427 317 285 394 390 357
949 0 407 318 283 392 387 354
957 0 411 319 289 393 386 353
953 15 400 318 282 394 387 355
941 15 396 321 286 390 388 351
929 3 447 315 282 393 387 355
957 3 439 314 286 393 386 356
968 -3 443 319 286 391 387 351
964 11 411 318 288 396 391 358
10.02884292602539