1019 3 164 361 407 383 390 356
1004 35 121 363 408 384 387 350
1008 11 125 362 406 382 385 355
1023 7 125 360 405 382 385 352
1012 7 117 360 407 381 386 353
1004 7 121 358 403 379 383 348
1012 19 98 359 402 378 380 350
996 3 121 362 403 377 378 349
1004 23 113 361 408 383 385 351
1004 0 156 361 407 382 386 350
1015 35 125 357 406 380 386 350
1012 31 121 361 404 382 384 352
1015 27 129 351 396 374 377 347
1008 15 133 356 405 378 384 347
1008 15 125 357 403 379 386 347
1012 15 121 359 405 381 384 351
1012 11 121 363 406 379 382 351
1008 11 133 363 405 385 383 349
1031 7 137 360 406 384 387 352
1008 11 145 359 408 382 388 353
1004 47 117 357 400 372 378 344
1012 11 149 359 401 378 377 343
1012 11 160 359 405 376 382 347
1008 31 109 361 407 377 384 348
1015 0 141 362 410 386 389 354
1000 23 117 357 404 379 383 349
1023 -7 160 361 402 378 382 348
1008 23 121 360 402 381 381 350
1004 15 133 356 400 379 382 349
1015 27 133 359 401 381 380 350
996 50 113 358 403 378 383 348
1012 11 141 362 403 380 385 347
1008 7 129 363 407 378 383 348
1004 11 125 361 406 384 382 346
1008 7 117 360 409 384 390 352
1027 -15 152 355 405 378 380 348
1023 7 117 357 400 375 377 344
988 15 137 353 399 371 376 342
1004 31 137 357 404 382 383 352
996 15 149 356 404 379 379 352
1008 7 141 359 401 377 380 348
1015 3 133 360 404 379 381 349
1015 19 137 360 406 382 386 350
1008 43 121 361 407 385 387 355
1012 35 137 358 406 380 384 349
1012 19 145 362 403 378 385 347
1012 35 121 359 406 376 381 347
1012 0 160 360 402 377 375 345
1015 3 141 354 400 378 379 350
1008 11 125 360 403 376 379 346
1008 19 125 362 405 378 379 345
1008 31 133 360 408 381 384 345
1035 11 156 359 406 381 383 349
988 27 145 361 405 382 383 350
1008 35 129 362 404 383 381 351
1008 31 137 357 395 374 373 344
1012 27 137 355 404 376 380 345
1004 15 141 359 400 381 381 352
1008 23 133 357 403 379 381 348
1004 11 137 362 408 383 383 347
1012 27 137 360 407 382 382 348
1008 11 152 360 405 382 382 351
1015 15 152 358 407 381 385 352
1008 23 152 358 408 382 379 348
1008 15 152 359 404 382 383 352
1004 23 145 359 404 382 383 349
1004 15 149 360 406 381 380 345
1015 19 152 359 402 381 383 354
1027 7 180 358 404 382 381 350
1015 19 172 355 399 377 379 349
1004 43 176 356 405 379 382 350
1019 31 164 356 404 379 380 349
1012 15 137 359 401 381 379 350
1015 3 141 358 402 382 378 351
1012 11 137 356 402 380 378 353
996 19 141 355 403 377 379 351
1004 19 141 356 403 378 380 349
1012 35 133 356 404 379 381 352
1008 23 149 352 399 376 377 346
1012 31 145 360 401 380 375 344
1015 31 133 355 406 377 378 342
1004 27 137 361 406 382 377 348
1015 19 137 361 405 382 380 348
1004 19 160 357 402 381 377 352
1008 15 149 356 402 379 378 351
1008 27 149 361 410 383 384 348
1004 27 160 354 400 379 377 349
1015 27 156 358 406 381 384 351
1008 19 152 351 394 375 372 347
1004 15 156 358 405 381 381 349
1019 19 156 357 407 380 381 347
1015 19 164 361 403 382 380 350
1012 27 164 352 396 375 374 347
1008 31 156 356 397 376 372 348
1008 35 164 357 404 377 379 350
1004 27 160 356 404 379 382 351
1004 19 164 357 401 379 379 350
1012 7 156 357 401 380 378 352
1015 7 141 357 400 379 377 351
1008 23 164 363 406 377 381 347
1008 31 172 361 401 379 378 348
1004 31 156 360 404 377 376 346
1012 31 149 360 405 380 380 346
1004 23 145 360 406 378 376 348
1008 27 152 359 405 378 377 346
1000 23 180 357 402 381 378 350
1012 27 168 355 402 374 375 346
1004 27 172 356 400 379 376 349
1008 31 172 359 403 379 375 347
1004 15 164 360 407 381 381 347
1008 23 152 357 405 381 381 350
1000 23 164 357 403 380 381 352
1008 19 168 358 404 381 379 353
1004 19 168 361 402 382 381 355
1004 23 168 360 403 383 380 353
1004 31 160 358 402 382 379 354
1008 23 164 355 400 378 378 351
1004 23 168 355 394 373 373 345
1000 27 145 356 404 374 377 348
1015 7 168 359 401 376 375 349
1008 23 168 363 401 378 376 351
1012 15 184 358 402 381 381 350
1012 31 168 360 404 381 380 351
996 23 176 364 408 385 380 351
1012 19 168 358 404 381 379 354
1008 11 176 359 404 380 380 355
1004 -3 184 356 401 378 378 348
1004 11 176 355 401 378 379 348
1004 31 176 360 402 376 376 346
1000 39 164 355 398 379 375 350
1004 27 164 357 404 379 382 350
1004 15 168 360 402 381 378 353
1004 35 164 355 403 376 377 349
1000 3 184 354 403 377 379 349
1015 19 180 358 401 377 378 351
1008 19 184 357 398 377 373 352
1000 27 180 356 400 379 377 351
996 27 164 361 405 378 376 350
1008 23 176 359 403 380 381 350
1000 23 176 360 406 381 380 347
1004 23 176 361 405 381 383 356
1000 19 176 360 404 381 382 356
1004 39 145 357 403 377 378 351
10.912421464920044