949 -117 529 325 357 295 295 305
945 -160 517 333 365 297 300 309
933 -160 525 330 362 300 300 311
898 -133 506 330 366 296 299 306
855 -98 517 329 362 299 300 308
843 -70 529 330 366 299 300 310
835 -47 517 330 366 300 299 310
882 -86 537 325 365 296 299 308
870 -78 506 330 366 298 301 310
878 -98 517 330 365 299 299 310
862 -125 549 328 365 298 296 305
855 -90 549 321 361 295 298 307
851 -58 553 330 366 301 302 313
866 -54 537 332 369 301 298 308
882 -62 529 324 361 293 295 305
921 -66 513 330 368 301 304 310
961 -58 509 328 369 300 303 309
953 -62 525 331 369 302 304 313
886 -74 592 330 363 299 300 308
866 -82 584 331 371 301 298 309
886 -94 576 331 370 300 300 309
890 -94 572 331 368 300 300 306
917 0 506 328 366 300 303 312
937 7 490 329 367 299 303 309
925 15 462 331 367 302 301 306
941 15 443 326 365 300 303 312
921 -3 443 323 365 299 301 307
902 3 439 329 369 304 306 315
874 0 466 327 366 304 303 312
874 -3 478 325 364 299 302 311
898 -7 455 327 364 299 301 309
964 -3 411 328 367 302 305 314
961 -7 439 328 367 300 302 314
929 19 451 324 362 300 301 308
898 0 478 327 366 301 304 312
890 -3 455 325 363 299 303 310
902 -7 439 329 367 299 303 309
925 0 462 328 369 302 301 307
941 3 462 323 360 298 298 308
945 0 470 331 368 301 301 307
937 0 474 325 362 298 300 308
929 -7 478 327 367 303 299 308
921 0 466 330 367 301 300 308
929 3 435 327 367 303 303 309
929 3 427 325 365 301 303 312
937 -7 415 326 364 301 301 309
921 -3 404 326 366 303 306 313
890 -15 423 325 364 302 302 313
890 -19 423 319 361 297 299 308
917 -19 404 331 370 303 301 311
964 3 455 330 366 304 302 310
945 39 431 323 360 296 299 306
937 39 458 327 365 299 300 305
925 23 470 328 367 303 302 308
921 7 486 326 366 300 303 310
925 23 462 330 366 301 301 309
937 3 435 329 368 300 299 308
961 -15 443 332 369 307 307 315
941 3 419 328 369 303 306 315
917 3 419 326 367 303 305 312
917 7 435 325 363 302 301 311
898 23 407 331 369 304 306 310
949 15 451 326 367 302 305 311
890 -15 443 326 363 302 302 309
882 -23 384 324 361 298 302 310
843 -7 384 326 363 300 302 308
851 -19 400 329 365 304 302 308
902 -15 396 329 366 305 305 311
968 -7 404 329 368 303 305 314
976 0 455 327 364 302 302 310
968 0 529 327 362 298 299 308
961 7 560 327 366 303 302 307
945 7 568 322 361 300 299 309
878 35 627 327 361 303 300 311
862 19 580 327 367 301 298 307
878 -3 529 325 367 303 304 307
917 -7 478 324 363 303 302 311
917 -23 415 328 367 302 301 308
906 -27 392 327 365 301 302 309
906 -7 392 327 364 303 303 310
917 3 360 327 366 303 305 312
976 -3 353 326 362 302 301 312
1004 3 392 325 365 300 301 308
957 43 407 328 368 305 303 308
937 -15 494 324 364 303 303 311
894 -15 458 326 364 304 303 312
882 -19 411 326 367 304 303 308
874 -7 372 327 365 305 304 306
890 0 380 325 367 303 303 309
910 0 400 324 366 301 303 309
929 3 407 324 363 301 302 308
957 0 427 327 365 306 303 308
988 0 435 326 364 303 303 310
996 -7 458 328 366 301 300 306
937 -7 494 329 370 307 306 309
906 -15 494 324 364 302 303 311
937 35 462 329 365 301 304 306
925 43 451 326 366 305 302 308
917 39 435 327 364 303 303 311
957 27 435 323 363 305 305 313
984 23 431 325 364 302 307 309
961 31 423 327 367 301 302 307
941 35 431 328 363 302 299 309
929 27 415 321 360 300 302 307
913 23 411 322 357 299 299 306
910 7 407 327 363 302 300 308
898 7 400 326 364 306 306 314
910 7 392 323 365 303 303 311
913 15 392 324 365 302 303 310
925 19 392 322 362 303 301 311
902 43 392 323 363 303 302 308
1019 94 376 323 362 301 302 310
921 172 411 326 363 301 301 310
843 196 407 322 364 302 303 309
819 164 258 327 366 304 300 309
804 62 219 329 366 304 301 309
804 43 258 320 362 301 302 308
847 109 302 316 356 299 298 303
913 113 341 325 365 305 305 311
972 133 384 325 364 304 304 312
976 145 404 328 365 302 302 309
972 121 388 326 366 302 300 309
941 121 349 327 366 305 304 308
1004 86 317 327 364 307 303 310
1008 129 349 322 364 302 303 311
976 168 349 322 356 297 296 301
933 164 376 320 361 298 301 307
913 160 384 318 354 297 298 304
921 172 329 325 365 299 304 309
929 145 317 325 363 303 304 311
913 101 349 325 365 305 305 310
921 137 286 325 366 305 306 313
917 137 309 324 365 303 305 310
957 141 325 323 363 304 304 309
964 184 337 324 363 304 304 310
1000 137 380 324 366 303 304 312
1019 137 360 324 362 302 303 310
1023 109 313 321 358 298 300 306
992 101 356 326 365 305 303 305
10.030076265335083