937 -313 345 335 279 382 294 242
941 -321 360 337 281 386 293 238
953 -294 353 337 283 384 292 241
968 -270 325 336 283 381 292 239
964 -262 321 336 281 381 292 240
961 -282 341 338 281 384 296 243
957 -274 337 335 281 383 297 243
945 -278 341 336 282 383 297 241
953 -262 360 328 276 373 288 236
976 -274 353 337 280 385 295 242
961 -294 341 338 283 381 294 239
964 -270 317 339 280 379 293 241
953 -262 329 336 278 380 294 240
941 -247 313 334 278 382 294 240
945 -251 356 333 280 379 297 241
953 -286 368 335 281 382 297 242
953 -282 360 335 281 380 296 242
953 -270 329 336 281 384 296 242
945 -266 341 337 281 382 298 246
953 -258 353 335 280 381 295 242
945 -243 353 332 281 379 295 242
957 -254 360 335 283 380 297 242
953 -262 341 336 282 383 298 243
953 -258 341 335 279 380 295 242
933 -227 317 336 283 379 299 243
968 -247 349 334 283 381 297 240
957 -239 353 335 282 382 295 239
949 -247 372 334 283 382 294 238
949 -247 380 333 280 379 293 240
910 -239 345 333 280 380 295 241
972 -282 392 341 285 381 297 241
1000 -298 396 336 284 381 292 240
1027 -251 384 337 281 378 294 238
964 -254 400 332 282 379 294 239
941 -247 372 331 278 375 292 237
984 -302 345 333 281 380 295 242
996 -317 309 332 281 378 295 241
1008 -305 290 332 282 376 295 240
984 -168 266 335 287 384 294 239
984 -160 258 337 281 378 292 240
988 -176 278 332 280 381 292 240
992 -164 278 328 281 378 295 239
988 -203 309 331 281 379 294 242
972 -160 282 332 281 380 297 242
992 -211 309 333 282 380 296 240
992 -172 286 333 279 380 296 242
976 -172 262 331 283 379 296 241
992 -196 274 335 283 383 297 242
984 -192 305 331 283 380 297 241
949 -211 313 335 283 383 296 239
980 -211 325 336 283 377 293 238
980 -211 313 337 285 383 295 237
984 -215 313 337 283 378 292 237
984 -219 313 335 283 380 292 239
984 -200 298 335 283 378 296 239
972 -196 305 334 281 383 295 243
968 -192 313 331 282 380 295 243
964 -211 325 334 282 381 296 242
961 -196 302 330 284 381 297 241
972 -196 286 332 282 381 296 244
968 -200 286 332 282 382 297 243
972 -180 278 335 284 385 298 246
980 -196 298 333 285 382 293 239
980 -188 298 336 281 381 294 235
976 -149 286 333 280 380 294 240
996 -184 286 332 282 382 292 240
996 -192 298 335 284 379 292 236
992 -188 302 334 285 382 293 240
980 -192 317 335 283 378 293 240
992 -203 321 331 281 380 293 240
984 -168 286 330 282 379 296 240
972 -172 286 331 282 379 295 241
980 -172 302 332 282 379 297 241
988 -188 309 334 286 383 299 244
1008 -184 282 330 282 376 294 242
996 -188 290 334 283 381 298 245
984 -145 274 332 282 380 294 242
984 -164 294 334 284 380 298 244
988 -149 282 333 285 379 297 243
992 -160 294 331 284 379 296 242
988 -149 282 331 285 378 296 243
996 -149 286 331 284 378 296 242
988 -137 270 333 284 380 297 243
984 -129 274 331 284 378 297 239
992 -137 282 331 283 377 295 241
996 -172 298 332 284 379 297 243
984 -145 286 334 284 375 292 239
984 -149 282 334 287 379 296 239
988 -149 286 334 285 378 292 239
984 -125 262 334 285 375 296 240
992 -149 290 335 283 374 293 239
996 -152 286 332 279 376 294 240
992 -145 274 330 283 376 294 241
1000 -160 309 332 284 377 295 242
988 -149 286 335 284 381 297 246
992 -145 290 328 283 375 294 237
988 -141 274 328 278 373 291 238
984 -145 278 335 285 380 297 243
988 -145 274 332 285 376 295 241
988 -149 278 332 283 376 295 239
996 -152 274 331 282 373 293 239
992 -133 270 331 282 376 291 239
992 -152 282 328 280 373 292 237
996 -145 290 328 282 377 294 241
988 -133 282 331 284 374 295 240
10.679530143737793