-953 58 101 330 284 292 285 324
-945 54 105 325 279 288 279 317
-941 66 101 329 281 288 277 318
-953 58 113 326 282 290 283 319
-957 54 117 328 280 292 281 320
-961 66 113 331 282 289 280 318
-964 66 117 333 287 292 282 319
-972 58 145 324 282 291 283 317
-961 82 141 328 281 291 282 316
-968 74 145 329 281 290 281 319
-957 82 137 330 283 292 280 318
-945 94 129 329 283 294 284 322
-961 78 137 326 282 289 281 317
-964 70 145 327 282 291 282 318
-961 78 149 328 284 294 284 318
-961 82 137 325 283 293 285 319
-949 86 129 322 277 285 279 313
-957 70 141 328 284 291 280 317
-968 58 149 323 282 291 281 318
-972 70 137 328 286 293 282 318
-957 74 133 327 289 292 282 316
-957 66 137 329 287 295 286 317
-945 74 125 328 287 292 281 314
-964 70 137 327 286 294 286 322
-964 66 137 327 284 294 285 321
-961 74 141 329 284 294 286 325
-961 66 137 327 285 293 285 321
-953 74 125 329 286 296 288 320
-957 86 129 328 284 294 285 323
-957 82 133 326 284 293 284 320
-961 74 133 328 284 294 284 322
-957 86 133 329 286 296 288 325
-957 74 133 326 283 294 284 322
-945 82 137 330 287 294 281 317
-961 70 113 324 283 290 282 318
-957 70 117 328 285 291 280 318
-964 78 109 327 287 293 284 315
-953 86 105 324 282 291 284 319
-961 78 121 326 285 295 284 318
-964 86 121 329 285 289 281 314
-964 82 117 328 286 295 283 318
-968 70 113 327 287 293 282 319
-961 78 109 325 286 292 287 320
-972 70 105 327 288 296 288 323
-964 78 113 325 285 293 285 319
-976 74 113 326 285 293 285 324
-961 66 117 326 285 295 285 325
-961 70 117 325 287 293 285 319
-953 62 113 325 286 294 286 323
-941 62 109 325 285 293 285 323
-953 78 121 328 289 295 286 319
-968 78 133 325 283 290 282 318
-968 82 121 328 287 293 281 317
-968 86 129 326 286 295 284 323
-964 78 125 326 285 295 284 318
-961 74 125 322 284 292 285 321
-953 82 109 321 281 293 281 318
-964 78 121 328 287 292 282 318
-961 78 125 323 285 291 284 320
-961 74 125 323 283 292 283 319
-961 90 117 326 288 293 285 322
-968 82 125 326 285 295 284 326
-964 82 121 322 285 293 285 321
-964 82 121 325 282 287 282 317
-953 90 117 325 287 293 282 318
-949 70 117 325 285 294 283 320
-949 82 121 322 280 287 278 315
-953 82 125 325 286 295 284 321
-949 90 113 324 287 293 286 323
-984 78 121 324 285 293 286 324
-988 78 137 324 284 291 284 319
-984 86 121 322 284 291 283 321
-953 90 113 325 287 293 282 316
-941 86 109 324 286 294 285 317
-945 74 113 323 285 293 284 324
-964 66 125 321 283 290 283 320
-964 74 117 326 285 296 283 316
-964 74 117 325 286 293 283 315
-961 82 117 325 286 293 283 318
-961 86 125 324 286 294 285 319
-957 90 117 325 285 292 287 323
-957 94 117 324 283 293 283 322
-961 94 125 325 284 290 282 316
-961 86 117 325 285 290 282 319
-972 82 117 326 284 290 281 316
-964 74 117 325 287 294 283 318
-961 82 117 327 286 294 282 319
-949 82 109 324 286 294 286 323
-949 70 109 325 286 293 286 318
-953 74 105 322 287 292 286 319
-953 78 117 324 284 293 284 321
-949 78 117 321 284 292 284 318
-976 78 133 326 288 298 289 323
-964 82 117 324 287 295 286 319
-961 98 94 325 288 295 286 324
-964 78 113 323 284 292 283 320
-953 70 117 324 285 293 284 320
-937 47 125 321 285 290 283 319
-957 82 121 322 284 291 282 318
-964 90 113 321 286 294 286 321
-961 90 113 323 284 293 284 320
-961 78 117 323 287 295 288 321
-968 86 113 323 284 291 284 319
-961 90 109 323 285 292 285 317
-961 74 117 323 284 293 284 320
-953 86 105 322 284 293 284 319
-953 78 109 325 285 290 282 313
-957 74 101 327 287 292 282 319
-964 70 113 324 288 295 284 316
-964 94 105 318 281 288 281 317
-957 94 101 323 286 295 285 325
-964 86 109 320 284 291 284 318
-961 86 121 322 285 292 283 320
10.014031887054443