-988 3 203 329 287 287 366 287
-980 19 192 323 285 288 367 289
-968 35 176 327 290 289 366 289
-957 7 184 327 292 290 370 290
-949 23 180 324 288 287 368 292
-941 19 172 325 288 284 367 287
-957 3 188 324 285 288 364 292
-953 7 184 326 289 290 365 290
-949 15 192 325 289 289 367 288
-953 3 211 321 285 285 366 287
-961 23 207 326 291 290 366 286
-964 23 203 325 290 290 368 291
-964 15 203 324 290 290 369 291
-961 19 196 324 290 290 369 294
-964 19 203 324 291 289 370 291
-964 15 203 322 289 288 365 290
-964 15 207 323 290 288 366 290
-949 11 196 325 290 289 366 292
-945 0 200 320 287 288 365 292
-949 0 207 322 286 284 361 288
-957 -3 211 322 290 290 366 293
-953 -15 203 322 291 291 366 288
-957 -15 207 322 288 289 364 292
-953 -31 207 320 286 289 362 291
-957 -47 211 319 288 289 365 292
-933 -23 219 316 281 285 357 286
-961 -11 235 323 287 288 357 292
-976 -11 243 323 288 289 362 296
-976 -27 239 324 288 291 363 296
-976 -35 243 321 289 290 363 295
-964 -54 235 323 289 292 365 297
-957 -54 239 322 288 290 363 296
-953 -47 231 324 288 292 364 297
-945 -39 227 320 288 289 362 295
-941 -27 223 326 291 290 362 295
-945 -31 223 321 289 290 364 296
-945 -27 227 319 288 288 362 293
-953 -50 227 320 288 288 362 295
-953 -58 247 325 292 293 364 293
-957 -47 243 322 288 292 366 294
-968 -43 223 322 289 291 364 296
-980 -47 231 323 291 292 364 297
-972 -62 231 325 291 293 364 293
-968 -82 243 317 285 287 360 298
-945 -78 239 319 287 286 357 289
-929 -66 235 322 289 290 364 295
-925 -58 231 322 289 291 365 296
-929 -54 239 320 288 291 362 298
-941 -62 254 321 288 291 364 299
-945 -58 247 320 287 289 360 297
-961 -66 254 320 289 290 361 295
-961 -58 251 322 288 290 362 297
-961 -58 254 323 287 291 362 295
-964 -50 251 322 290 292 365 295
-953 -39 247 325 292 291 369 299
-949 -47 243 325 290 294 364 302
-945 -39 239 324 293 295 369 294
-945 -39 243 321 288 290 358 293
-953 -50 247 325 290 293 367 293
-953 -43 239 320 291 292 365 296
-957 -39 239 321 289 291 364 296
-961 -47 239 323 291 291 365 297
-953 -58 243 321 288 292 360 297
-949 -86 251 320 288 289 362 296
-937 -90 243 321 289 291 364 296
-933 -74 251 318 286 290 361 294
-945 -39 254 321 288 290 363 296
-949 -50 251 324 288 291 360 294
-937 -50 254 323 289 289 362 295
-941 -54 254 323 288 289 363 294
-961 -58 258 320 290 289 361 297
-957 -43 251 321 290 290 363 297
-961 -47 258 322 288 291 362 298
-968 -54 254 319 289 288 362 296
-941 -58 262 321 287 291 361 298
-941 -47 254 322 289 292 363 300
-945 -54 254 322 288 292 362 297
-941 -47 258 322 291 292 363 297
-945 -43 270 322 291 294 363 300
-949 -47 266 321 291 291 363 299
-941 -43 274 321 289 291 363 300
-957 -43 274 320 290 290 363 301
-949 -39 266 322 289 293 363 302
-945 -39 270 323 290 293 364 300
-945 -23 258 320 287 289 362 296
-945 -47 258 320 288 291 362 299
10.034937381744385