964 27 368 342 393 375 374 308
953 7 384 340 388 374 373 309
941 3 392 340 388 373 372 311
953 -7 392 337 391 372 373 310
953 -7 380 338 387 367 366 304
953 -15 376 336 387 367 364 306
957 -7 376 342 392 372 370 310
953 0 380 339 392 374 379 312
941 3 380 340 389 374 375 312
949 11 384 340 389 374 371 313
949 35 384 335 389 372 369 309
953 35 384 338 387 372 368 310
961 19 384 341 391 372 368 305
968 7 384 340 390 374 372 307
961 7 360 342 389 371 372 308
961 19 353 339 392 373 374 308
961 27 356 338 390 372 373 314
957 23 360 338 389 369 370 311
961 7 360 339 386 372 371 311
964 3 368 339 386 371 368 310
968 0 368 341 390 373 369 307
964 3 364 340 391 373 373 309
957 7 364 340 390 374 372 316
957 11 384 337 391 370 373 310
953 11 380 337 387 372 369 307
961 3 388 336 383 371 366 307
957 3 376 335 384 364 365 301
957 3 380 339 391 373 373 310
957 11 372 337 387 369 371 309
953 7 368 338 386 371 368 312
961 3 376 338 388 370 366 312
961 3 376 339 388 372 373 309
961 11 380 336 387 368 368 308
961 7 376 338 386 371 370 311
953 15 372 336 384 369 368 307
964 7 400 335 385 369 369 309
957 7 388 339 388 373 369 309
961 3 376 338 388 372 370 310
961 0 364 336 388 369 371 310
961 -3 364 338 385 369 369 308
957 -7 360 341 388 371 367 313
945 -7 364 343 392 375 369 310
933 0 345 338 386 371 371 311
949 0 341 340 390 370 367 306
945 -11 337 336 388 371 372 310
945 -11 325 338 386 370 371 313
961 -35 360 340 387 370 364 309
961 -35 360 339 387 368 366 310
957 -54 372 340 387 370 366 306
949 -31 368 338 388 371 371 308
949 0 349 336 386 370 370 312
953 19 333 336 383 367 366 309
988 7 321 343 392 372 370 314
996 -7 333 335 385 368 367 312
992 7 337 339 385 369 367 311
968 11 353 340 390 369 366 309
964 11 356 339 388 372 370 311
957 19 349 337 387 370 370 311
961 23 329 339 384 369 370 312
972 15 298 338 386 367 362 308
992 23 278 337 384 370 368 313
1000 31 325 339 389 372 373 316
976 23 380 337 388 370 372 310
972 31 364 338 390 371 371 311
945 -39 388 338 390 370 371 312
949 -19 376 337 385 370 367 315
957 -31 388 336 385 369 368 312
961 -19 380 334 386 367 366 309
964 -11 376 334 387 366 368 311
937 7 372 334 383 368 368 310
949 11 372 339 384 367 363 312
984 0 384 337 386 372 367 313
980 -11 388 336 383 370 367 312
957 0 368 335 384 370 367 313
968 -11 364 335 384 366 367 309
972 -23 353 339 390 369 368 308
957 -19 349 337 387 372 369 313
961 -19 356 334 383 367 366 312
957 -11 356 337 385 368 368 312
964 -35 356 337 383 370 364 313
961 -23 364 330 385 366 367 307
961 -23 368 337 385 365 366 311
961 -15 364 336 384 368 366 311
968 -11 360 335 386 369 368 314
964 -19 360 334 385 368 370 312
968 -15 356 337 382 369 369 311
961 -7 364 336 386 366 369 310
953 -11 364 338 384 366 366 309
964 -3 356 338 387 366 365 310
961 -3 353 333 384 367 367 312
964 -7 356 338 389 368 366 310
964 -7 356 338 389 372 368 309
968 -3 356 334 387 366 368 310
961 0 368 339 390 368 366 309
964 0 356 336 385 368 368 312
961 0 353 336 387 365 363 306
10.458292484283447