925 -200 419 335 289 289 390 236
929 -203 400 338 285 289 386 235
933 -215 411 336 283 288 383 236
941 -231 415 334 283 287 382 236
933 -215 415 333 284 286 386 234
929 -219 435 332 287 288 385 239
937 -211 415 334 287 289 388 237
941 -196 407 334 287 287 386 237
941 -215 431 335 287 290 388 238
941 -235 439 330 282 287 383 234
917 -200 439 337 289 290 391 241
937 -223 427 332 286 289 387 238
957 -211 411 334 285 287 388 234
941 -227 427 334 287 290 386 238
933 -223 411 335 287 290 386 237
929 -180 392 336 286 290 384 234
929 -196 400 335 289 289 388 234
925 -200 376 335 288 290 385 235
917 -207 364 339 287 289 384 233
925 -207 368 332 283 288 384 236
945 -243 423 332 283 288 384 237
949 -203 427 333 286 290 388 238
945 -215 415 335 288 289 390 239
945 -203 404 334 286 289 387 237
949 -211 411 337 287 287 382 238
937 -211 396 335 286 290 385 237
933 -203 396 334 283 289 384 239
937 -235 415 331 285 286 384 236
945 -211 411 333 286 288 386 238
937 -203 392 334 288 291 384 239
945 -207 380 334 289 289 388 243
953 -211 372 333 289 289 388 241
941 -203 388 333 288 288 386 246
941 -207 356 332 287 289 384 244
968 -207 388 332 284 287 385 241
945 -200 372 333 287 289 386 244
945 -235 427 331 285 285 378 239
949 -215 400 330 282 285 381 240
964 -207 404 333 288 289 385 244
961 -184 396 333 288 289 383 246
957 -168 380 334 289 291 385 242
957 -184 396 335 287 286 381 243
945 -196 392 336 287 287 381 243
945 -211 388 334 285 289 381 244
941 -196 380 332 286 290 381 245
945 -176 356 330 281 283 375 241
961 -203 360 333 287 289 381 245
961 -203 353 333 289 289 386 244
964 -207 368 335 289 289 380 242
964 -188 384 334 290 291 389 246
941 -180 388 333 290 290 382 242
945 -188 392 333 288 291 386 246
957 -196 376 333 287 290 383 246
949 -200 380 332 288 291 383 247
937 -203 384 331 287 288 385 244
941 -203 372 334 285 289 384 242
949 -219 380 330 286 288 382 245
957 -207 364 330 285 288 382 244
961 -200 368 333 285 286 383 244
984 -180 325 333 286 291 384 247
972 -176 345 333 287 291 383 244
992 -160 356 334 289 292 387 245
964 -172 376 336 286 290 383 247
945 -207 368 333 288 290 383 244
941 -219 364 334 286 286 382 242
949 -215 353 331 284 288 381 244
961 -203 345 330 287 289 384 245
949 -211 329 330 288 289 384 247
949 -192 321 328 284 288 378 246
961 -215 372 332 285 287 378 240
964 -176 360 332 285 288 376 243
957 -168 360 333 286 285 383 243
961 -180 372 332 285 286 380 245
961 -188 368 328 285 288 382 247
961 -200 368 334 286 288 378 246
961 -196 364 330 288 288 383 247
957 -184 349 331 288 289 382 248
964 -203 360 330 286 288 380 245
964 -211 349 331 287 289 381 248
964 -211 360 334 284 290 379 246
964 -200 364 331 284 283 376 241
957 -203 368 331 288 289 386 246
941 -192 345 333 285 290 381 247
945 -188 356 333 285 289 380 244
949 -180 360 330 285 290 380 243
961 -196 364 332 286 289 381 244
953 -219 368 332 288 291 382 248
953 -203 364 334 288 293 382 248
957 -203 368 334 290 290 386 247
961 -192 368 334 288 293 387 249
953 -211 388 333 288 291 382 243
961 -196 380 334 288 290 384 243
953 -207 364 335 289 291 379 243
964 -196 364 337 288 289 377 241
957 -203 372 330 283 283 376 235
945 -196 360 332 286 288 378 245
961 -203 364 333 286 288 382 243
953 -188 353 333 287 289 384 244
961 -211 360 333 289 290 383 242
957 -200 356 333 289 289 381 241
957 -207 376 335 289 290 379 243
957 -200 356 329 287 289 380 241
957 -192 356 331 287 289 383 245
957 -184 337 327 283 285 376 243
953 -200 368 329 283 282 378 239
961 -203 388 332 285 289 381 243
964 -207 392 334 286 286 382 243
957 -203 392 335 287 289 380 241
961 -184 368 333 285 289 381 246
957 -192 372 331 285 287 382 242
949 -192 372 332 283 285 377 242
957 -196 364 332 285 290 381 246
957 -200 360 332 284 289 381 244
953 -211 368 333 287 291 383 247
957 -203 372 331 287 287 383 243
941 -196 364 336 288 290 382 247
957 -188 356 334 288 290 384 246
953 -200 356 334 289 290 380 244
953 -200 356 336 287 287 381 246
957 -192 349 331 286 287 382 243
964 -200 368 336 286 291 380 247
964 -184 376 336 288 293 381 244
953 -215 407 337 290 288 379 245
949 -200 392 337 289 289 379 245
941 -207 384 335 284 287 380 247
957 -215 364 334 286 290 381 247
961 -215 364 336 288 291 383 247
961 -196 345 335 288 292 381 246
961 -207 345 332 285 289 377 246
961 -203 325 333 285 288 379 247
968 -200 333 331 287 288 379 250
972 -200 345 331 287 287 381 248
961 -184 341 335 286 289 382 247
964 -176 364 335 288 292 382 251
961 -196 360 335 288 291 383 252
961 -200 356 334 285 288 379 246
961 -200 356 331 286 287 381 246
957 -200 360 336 288 292 384 252
957 -192 360 332 288 288 383 248
957 -184 349 333 287 290 381 249
953 -176 345 333 287 290 382 248
964 -188 325 333 288 289 384 249
968 -180 325 333 288 290 383 250
972 -192 333 336 289 292 384 252
976 -184 329 336 290 293 380 246
10.0139319896698