109 886 203 361 379 434 400 344
113 890 215 360 380 433 399 343
98 906 196 360 379 429 400 342
105 894 207 360 378 433 407 353
98 902 200 360 380 434 404 348
160 1008 149 353 372 426 397 347
149 874 211 355 373 427 397 345
168 764 274 354 373 428 397 346
235 843 231 357 379 427 398 341
247 800 227 355 373 428 401 346
184 910 207 360 376 431 399 343
168 957 188 357 376 429 400 348
168 984 156 357 376 428 404 343
164 933 176 357 376 429 401 349
156 906 192 355 377 428 400 345
133 878 258 358 376 428 395 343
137 882 254 355 375 428 399 346
117 906 239 354 376 428 400 345
113 937 211 351 370 418 394 340
129 913 211 351 368 421 394 341
133 906 219 350 369 422 394 344
152 898 239 356 379 429 406 349
141 890 251 355 372 425 398 347
133 913 239 356 371 427 396 347
133 902 227 354 376 426 402 348
133 898 223 354 373 424 398 346
137 882 227 355 378 426 397 346
137 882 243 355 376 424 393 344
152 890 239 355 376 423 393 343
145 906 235 352 375 421 397 344
145 898 235 354 376 425 399 347
149 917 223 353 372 425 396 346
145 898 235 355 374 423 392 345
145 894 247 355 376 425 393 344
141 894 239 357 376 423 392 343
137 898 231 357 376 428 399 348
137 886 231 354 375 428 399 352
125 870 235 353 375 424 400 346
152 855 227 353 374 426 398 348
156 882 235 347 371 420 393 345
156 890 251 351 374 424 398 348
149 913 243 352 372 424 394 346
129 910 251 352 373 423 396 345
152 910 223 354 374 423 396 343
149 890 223 353 375 420 394 344
152 898 227 356 376 423 397 345
137 898 239 354 376 421 391 343
149 902 235 355 374 419 391 346
160 906 223 356 377 420 394 341
156 898 223 351 373 423 394 346
156 902 223 351 373 425 395 346
156 890 231 348 371 418 394 341
172 890 239 352 370 416 393 340
188 902 239 350 371 422 395 345
200 894 243 353 372 422 396 344
207 894 251 351 374 424 394 347
117 894 207 354 372 427 399 348
121 894 200 353 371 425 397 345
113 898 215 351 368 424 395 348
109 866 207 354 374 426 400 347
137 870 223 351 369 422 392 344
137 882 227 354 368 419 392 346
129 878 231 351 370 419 395 342
133 894 223 355 371 422 389 344
137 906 215 354 370 419 392 344
129 906 196 351 368 423 394 343
141 898 200 352 371 426 400 350
141 910 184 353 372 424 398 350
129 906 196 353 370 425 401 347
121 898 196 352 373 423 393 343
113 902 192 353 373 424 388 339
109 882 200 354 370 419 392 342
109 874 188 354 371 419 390 343
121 894 192 347 366 415 388 340
121 898 192 352 369 420 393 344
121 902 188 350 367 420 389 348
113 902 203 352 370 421 390 345
125 890 192 354 373 423 392 346
121 902 200 354 374 423 394 343
125 898 188 353 369 417 393 337
117 898 188 352 375 422 397 343
117 910 184 354 371 418 392 344
109 913 184 353 371 418 392 343
113 906 188 353 371 417 393 342
10.01883053779602