913 50 509 315 379 376 373 258
929 86 502 313 379 373 371 260
925 98 525 309 372 364 364 249
906 141 490 313 372 369 363 256
902 141 490 314 374 371 366 256
894 113 478 317 379 372 367 254
890 94 482 316 378 373 365 254
894 109 490 315 381 376 374 262
874 105 517 318 379 377 369 256
874 90 521 318 379 378 368 260
866 90 490 313 377 372 368 262
878 86 482 312 377 371 368 258
894 70 470 313 374 374 366 260
894 74 470 313 374 374 366 260
898 74 474 316 375 371 365 259
913 54 486 318 378 371 366 259
925 66 494 317 381 374 361 260
929 98 490 315 379 376 367 259
929 90 502 311 372 370 365 260
913 105 498 314 377 374 369 261
890 125 466 316 375 372 368 260
870 98 455 314 372 370 366 259
862 15 502 316 375 368 366 257
839 11 470 315 377 375 368 264
980 -19 458 316 379 373 365 259
949 -15 494 310 369 369 365 259
902 70 482 316 377 374 370 261
862 66 478 314 375 374 369 261
855 125 404 314 373 370 365 259
882 74 372 317 378 370 371 258
906 43 392 313 376 373 369 260
894 35 423 309 372 368 366 259
906 -39 486 307 370 366 364 256
937 15 498 316 374 369 365 256
898 94 498 317 376 369 367 257
870 98 498 316 378 371 367 256
894 101 502 317 379 374 369 256
929 101 435 316 377 373 370 255
929 74 435 316 375 374 368 255
961 19 470 314 374 373 369 259
886 78 478 317 376 369 368 256
902 62 494 314 376 372 370 255
898 82 490 318 375 374 370 258
890 86 486 316 377 373 370 254
910 66 490 317 376 369 367 254
902 74 470 316 375 373 369 257
898 66 474 315 374 372 369 260
902 70 470 316 375 371 371 258
898 66 466 313 374 370 367 258
910 66 470 312 375 370 371 258
910 74 478 313 374 368 365 259
902 86 474 314 378 371 369 255
902 78 470 313 376 372 369 260
902 86 482 316 375 368 368 260
902 98 474 316 377 375 367 257
898 66 474 310 370 367 367 259
906 98 466 316 375 375 372 268
913 86 482 314 373 372 368 268
910 86 494 314 373 370 369 266
902 94 482 317 377 371 368 262
902 90 490 316 376 373 369 266
898 105 509 314 375 376 370 270
890 90 517 314 374 372 369 270
882 86 502 316 374 374 370 271
894 94 482 313 373 369 369 263
894 90 490 317 378 370 368 261
898 94 478 313 374 369 365 259
910 70 486 315 375 372 372 264
906 90 486 315 373 367 366 263
894 94 490 316 374 374 370 269
894 94 490 315 372 372 366 265
886 98 474 314 369 371 366 266
898 82 474 314 373 371 369 261
890 74 474 311 368 370 367 260
882 90 490 314 372 366 365 255
902 74 494 315 370 369 368 261
894 90 478 317 375 368 366 258
890 74 498 317 376 373 370 259
902 90 486 318 375 372 369 265
890 90 486 315 375 371 371 261
906 82 482 314 374 372 369 264
894 86 478 315 371 371 370 262
902 86 494 312 369 363 366 256
898 78 474 319 375 373 366 259
906 78 478 315 374 373 369 263
898 82 478 317 375 374 370 266
902 90 490 317 374 371 367 261
902 86 482 315 373 372 370 265
886 86 466 315 372 372 369 264
910 82 458 314 371 370 369 261
890 101 462 318 374 369 365 262
894 86 482 312 373 370 366 258
894 98 478 318 376 374 370 259
910 66 478 317 376 375 373 268
910 74 458 313 373 370 369 264
902 78 451 316 371 372 369 264
910 86 466 315 372 371 370 260
890 105 474 317 376 374 373 263
898 98 466 317 373 373 371 269
894 94 474 316 371 370 369 266
906 82 482 311 373 369 368 263
906 82 486 312 371 369 367 263
902 86 494 315 374 371 362 263
906 78 494 317 374 369 365 263
894 113 478 316 374 374 369 262
890 113 482 317 374 373 370 261
902 94 474 317 374 373 374 267
886 82 478 312 370 368 367 263
894 86 482 314 373 368 368 263
894 86 490 315 373 372 371 265
890 86 486 313 373 368 367 265
894 86 490 313 369 369 367 263
890 90 474 311 371 368 368 261
10.020024061203003